0.366667 -0.103289 2.101975 0.807773 0.044239 0.026581 0.045142 0.997647
0.400000 -0.147386 2.323063 0.844104 0.045417 0.023087 0.044641 0.997703
0.433333 -0.158168 2.540250 0.869118 0.041604 0.027666 0.051034 0.997446
0.466667 -0.182898 2.751072 0.885270 0.041959 0.032269 0.055330 0.997064
0.500000 -0.202500 2.962709 0.889177 0.036008 0.038177 0.068050 0.996301
0.533333 -0.172530 3.176324 0.879536 0.032827 0.060222 0.074081 0.994891
0.566667 -0.174539 3.389897 0.864042 0.032611 0.068634 0.074522 0.994320
0.600000 -0.138087 3.624246 0.845815 0.036341 0.096108 0.070265 0.992222
0.633333 -0.153366 3.845842 0.828798 0.037837 0.103027 0.079631 0.990764
0.666667 -0.195061 4.060647 0.798471 0.039329 0.100586 0.086873 0.990348
0.700000 -0.221833 4.272016 0.746912 0.038531 0.102193 0.091568 0.989792
0.733334 -0.249565 4.488716 0.692911 0.035811 0.105046 0.095528 0.989221
0.766667 -0.278005 4.698967 0.625236 0.031791 0.107617 0.098234 0.988817
0.800000 -0.297064 4.892544 0.586391 0.035320 0.112157 0.107134 0.987267
0.833334 -0.328005 5.099956 0.507307 0.034918 0.116072 0.111340 0.986363
0.866667 -0.359800 5.306769 0.422890 0.033741 0.118693 0.116459 0.985500
0.900000 -0.392618 5.512741 0.334152 0.029742 0.120449 0.121079 0.984859
0.933334 -0.426221 5.718006 0.242284 0.030720 0.122185 0.125505 0.984061
0.966667 -0.476070 5.906487 0.159281 0.030255 0.119274 0.135974 0.983041
1.000000 -0.514492 6.108568 0.064648 0.031285 0.121264 0.143924 0.981632
1.033330 -0.551782 6.309974 -0.029825 0.029722 0.120708 0.153393 0.980315
1.066670 -0.589581 6.510306 -0.122654 0.029896 0.123347 0.160525 0.978838
1.100000 -0.628107 6.709124 -0.212986 0.027441 0.123079 0.164500 0.978283
1.133330 -0.667043 6.906654 -0.299821 0.026276 0.125217 0.171310 0.976874
1.166670 -0.747481 7.030566 -0.412323 0.023826 0.118524 0.175948 0.976948
1.200000 -0.801468 7.163001 -0.529708 0.020370 0.118160 0.177879 0.976720
1.233330 -0.910694 7.293699 -0.752446 0.005058 0.112116 0.184336 0.976435
1.266670 -0.975601 7.469958 -0.844396 0.000909 0.111831 0.191875 0.975027
1.300000 -1.051315 7.621735 -0.931617 -0.002203 0.107884 0.194602 0.974929
1.333330 -1.133073 7.775429 -1.017478 -0.006396 0.103705 0.200744 0.974118
1.366670 -1.200719 7.958743 -1.071792 -0.009277 0.103722 0.206113 0.972971
1.400000 -1.290356 8.145478 -1.118441 -0.009487 0.102128 0.211772 0.971922
1.433330 -1.358595 8.331002 -1.145884 -0.008931 0.101822 0.216188 0.970987
1.466670 -1.424822 8.516391 -1.162514 -0.010722 0.100049 0.223280 0.969547
1.500000 -1.497966 8.721150 -1.215549 -0.015983 0.099651 0.227337 0.968572
1.533330 -1.571498 8.926678 -1.230143 -0.018820 0.100331 0.234208 0.966812
1.566670 -1.643485 9.114481 -1.214984 -0.020544 0.100070 0.237423 0.966020
1.600000 -1.716882 9.301263 -1.188991 -0.021724 0.100290 0.241827 0.964878
1.633330 -1.791685 9.486989 -1.152507 -0.025518 0.099301 0.246661 0.963663
1.666670 -1.849195 9.686917 -1.080158 -0.026483 0.099583 0.252964 0.961972
1.700000 -1.915686 9.890276 -0.999352 -0.026034 0.099150 0.258041 0.960680
1.733330 -1.987000 10.087790 -0.914228 -0.025538 0.100478 0.262195 0.959430
1.766670 -2.062387 10.268297 -0.841031 -0.026217 0.099364 0.265762 0.958546
1.800000 -2.127375 10.450638 -0.754729 -0.027565 0.100268 0.270334 0.957134
1.833330 -2.203491 10.627406 -0.667227 -0.030792 0.098502 0.276623 0.955421
1.866670 -2.281209 10.802699 -0.574126 -0.034982 0.097339 0.279446 0.954574
1.900000 -2.360118 10.976557 -0.476676 -0.035276 0.095421 0.286580 0.952640
1.933330 -2.418567 11.157833 -0.356712 -0.037158 0.093627 0.293912 0.950510
1.966670 -2.514414 11.328042 -0.242225 -0.038819 0.094851 0.298709 0.948825
2.000000 -2.595110 11.497186 -0.138234 -0.041248 0.092932 0.302748 0.947632
2.033330 -2.677304 11.665045 -0.034257 -0.043306 0.089339 0.306888 0.946553
2.066670 -2.760810 11.831603 0.068739 -0.045329 0.086737 0.311378 0.945233
2.100000 -2.845423 11.996749 0.169530 -0.046406 0.083411 0.314805 0.944345
2.133330 -2.931281 12.160705 0.266957 -0.047401 0.081516 0.320342 0.942597
2.166670 -3.018282 12.323426 0.360062 -0.048073 0.078421 0.325676 0.940996
2.200000 -3.106498 12.484694 0.447788 -0.048293 0.077571 0.331190 0.939129
2.233330 -3.196023 12.644581 0.528889 -0.048446 0.074416 0.339007 0.936584
2.266670 -3.286998 12.803096 0.602470 -0.049421 0.072913 0.343222 0.935115
2.300000 -3.379306 12.960124 0.667875 -0.048932 0.069230 0.347276 0.933923
2.333330 -3.472922 13.115675 0.724384 -0.046296 0.066056 0.353240 0.932049
2.366670 -3.567857 13.269817 0.771487 -0.047120 0.060924 0.358507 0.930344
2.400000 -3.664305 13.422425 0.808500 -0.048595 0.058055 0.364508 0.928118
2.433330 -3.762185 13.573650 0.834941 -0.048101 0.053559 0.370320 0.926111
2.466670 -3.861404 13.723454 0.850621 -0.046090 0.049324 0.375750 0.924259
2.500000 -3.961919 13.872001 0.855548 -0.045270 0.044363 0.383544 0.921345
2.533330 -4.063755 14.019132 0.849496 -0.047652 0.043687 0.387749 0.919495
2.566670 -4.200273 14.138028 0.861570 -0.052599 0.039430 0.395286 0.916203
2.600000 -4.305997 14.281860 0.834732 -0.052835 0.035066 0.400053 0.914296
2.633330 -4.413053 14.424016 0.797527 -0.051457 0.031515 0.405065 0.912295
2.666670 -4.612793 14.473802 0.833911 -0.050772 0.023284 0.410857 0.909987
2.700000 -4.724917 14.546388 0.864664 -0.046105 0.016488 0.414819 0.908585
2.733330 -4.839512 14.680232 0.803141 -0.045518 0.014293 0.419361 0.906565
2.766670 -4.961237 14.808912 0.733227 -0.047295 0.012910 0.421347 0.905573
2.800000 -5.082311 14.936481 0.656198 -0.045285 0.009286 0.423997 0.904483
2.833330 -5.202669 15.064248 0.572540 -0.044579 0.005145 0.425822 0.903693
2.866670 -5.322483 15.191583 0.483319 -0.042540 -0.001031 0.430389 0.901640
2.900000 -5.469643 15.315186 0.399267 -0.043079 -0.005454 0.435636 0.899075
2.933330 -5.609384 15.459797 0.313643 -0.041309 -0.010721 0.439796 0.897083
2.966670 -5.757501 15.611866 0.229642 -0.040238 -0.013452 0.444360 0.894843
3.000000 -5.916065 15.765333 0.135329 -0.037193 -0.019271 0.448680 0.892710
3.033330 -6.044546 15.886964 0.036415 -0.037420 -0.022950 0.454900 0.889460
3.066670 -6.175179 16.006136 -0.061379 -0.036346 -0.029534 0.460456 0.886446
3.100000 -6.306772 16.123508 -0.156862 -0.036348 -0.031800 0.465981 0.883476
3.133330 -6.440012 16.238643 -0.248916 -0.036535 -0.035911 0.469899 0.881233
3.166670 -6.571111 16.370284 -0.325779 -0.033967 -0.037267 0.473094 0.879568
3.200000 -6.707297 16.491435 -0.412189 -0.033714 -0.041751 0.477287 0.877107
3.233330 -6.843943 16.601614 -0.486841 -0.030519 -0.044108 0.483778 0.873546
3.266660 -6.982031 16.709355 -0.554030 -0.030687 -0.049206 0.488946 0.870385
3.300000 -7.121438 16.814896 -0.613061 -0.029611 -0.049980 0.492184 0.868551
3.333330 -7.262118 16.918149 -0.663121 -0.024265 -0.053829 0.496958 0.865763
3.366660 -7.404063 17.018881 -0.703676 -0.021969 -0.054804 0.499050 0.864559
3.400000 -7.547260 17.117187 -0.734264 -0.018659 -0.057667 0.504414 0.861332
3.433330 -7.691515 17.213108 -0.754610 -0.017021 -0.060306 0.509032 0.858464
3.466660 -7.831952 17.368216 -0.767950 -0.014216 -0.067006 0.513525 0.855336
3.500000 -7.982089 17.511058 -0.793205 -0.013448 -0.079282 0.517047 0.852171
3.533330 -8.132548 17.606600 -0.781946 -0.009500 -0.083882 0.523852 0.847616
3.566660 -8.284351 17.699507 -0.759727 -0.008110 -0.086140 0.528600 0.844450
3.600000 -8.437699 17.789819 -0.726573 -0.005000 -0.088985 0.532044 0.842013
3.633330 -8.592478 17.877432 -0.683041 0.000608 -0.089653 0.534498 0.840401
3.666660 -8.732476 17.973285 -0.632626 0.000705 -0.088894 0.538472 0.837941
3.700000 -8.889333 18.056342 -0.569813 0.001748 -0.087943 0.541528 0.836068
3.733330 -9.047333 18.136877 -0.498152 0.002916 -0.091374 0.544832 0.833547
3.766660 -9.206338 18.215198 -0.418226 0.007505 -0.094778 0.548794 0.830534
3.800000 -9.366441 18.291110 -0.331014 0.008751 -0.096674 0.553100 0.827441
3.833330 -9.527798 18.364739 -0.237409 0.012668 -0.099272 0.558374 0.823531
3.866660 -9.690274 18.436164 -0.138214 0.015651 -0.102327 0.561818 0.820759
3.900000 -9.853835 18.505266 -0.034275 0.016102 -0.105035 0.564850 0.818323
3.933330 -9.994281 18.592244 0.074831 0.015943 -0.103520 0.568440 0.816030
3.966660 -10.147832 18.659703 0.184891 0.017444 -0.104316 0.571896 0.813479
4.000000 -10.302884 18.724169 0.295367 0.018337 -0.105971 0.575993 0.810350
4.033330 -10.464194 18.785332 0.406569 0.020523 -0.104651 0.578587 0.808619
4.066660 -10.623244 18.846656 0.515639 0.023933 -0.105503 0.585078 0.803729
4.100000 -10.789801 18.905195 0.624117 0.028348 -0.106368 0.585666 0.803043
4.133330 -10.957483 18.960928 0.729318 0.030520 -0.108097 0.589072 0.800236
4.166660 -11.058962 19.046083 0.813609 0.029696 -0.105106 0.595802 0.795670
4.200000 -11.207101 19.107720 0.900341 0.031023 -0.106488 0.601795 0.790911
4.233330 -11.373148 19.159190 0.989156 0.032378 -0.109879 0.606001 0.787173
4.266660 -11.514773 19.208833 1.065726 0.032035 -0.107378 0.609851 0.784554
4.300000 -11.661582 19.276326 1.131272 0.033725 -0.106592 0.613581 0.781677
4.333330 -11.800376 19.334651 1.183600 0.035761 -0.105026 0.616960 0.779134
4.366660 -11.948894 19.376654 1.238905 0.039171 -0.105404 0.621955 0.774937
4.400000 -12.110316 19.423532 1.284717 0.043479 -0.105914 0.626694 0.770809
4.433330 -12.272786 19.466619 1.320575 0.046059 -0.104992 0.630501 0.767674
4.466660 -12.435344 19.507855 1.345946 0.048241 -0.104108 0.634245 0.764570
4.500000 -12.555840 19.570928 1.336817 0.046118 -0.100410 0.640588 0.759894
4.533330 -12.716861 19.608804 1.339818 0.049442 -0.101010 0.644959 0.755897
4.566660 -12.878604 19.643689 1.332079 0.051753 -0.099665 0.649109 0.752360
4.600000 -13.029181 19.685565 1.305856 0.053258 -0.098009 0.652322 0.749689
4.633330 -13.188812 19.717739 1.271669 0.055207 -0.097778 0.653462 0.748584
4.666660 -13.311857 19.748367 1.210639 0.053010 -0.094336 0.658038 0.745169
4.700000 -13.446330 19.778432 1.157600 0.055087 -0.091853 0.660977 0.742723
4.733330 -13.525433 19.783541 1.104127 0.054846 -0.090754 0.663618 0.740518
4.766660 -13.681160 19.805185 1.038596 0.056011 -0.087766 0.669723 0.735276
4.800000 -13.839244 19.818926 0.964313 0.056934 -0.084496 0.674665 0.731058
4.833330 -13.994348 19.837551 0.885365 0.058387 -0.085094 0.678808 0.727028
4.866660 -14.151051 19.854022 0.803033 0.057631 -0.084522 0.682113 0.724056
4.900000 -14.306860 19.867584 0.714348 0.056779 -0.082623 0.686333 0.720345
4.933330 -14.462887 19.879206 0.622436 0.057244 -0.081421 0.690728 0.716233
4.966660 -14.619419 19.888112 0.528431 0.058015 -0.078573 0.694444 0.712887
5.000000 -14.776338 19.894821 0.433422 0.057728 -0.076492 0.698336 0.709326
5.033330 -14.933566 19.899455 0.338601 0.057273 -0.073994 0.702434 0.705572
5.066660 -15.091116 19.902033 0.245200 0.058657 -0.072238 0.705296 0.702779
5.100000 -15.249241 19.902432 0.154245 0.061585 -0.070561 0.708528 0.699440
5.133330 -15.409498 19.896424 0.060077 0.063086 -0.067030 0.712734 0.695369
5.166660 -15.568497 19.891792 -0.022772 0.062205 -0.063477 0.716981 0.691404
5.200000 -15.728067 19.885131 -0.099994 0.062637 -0.060626 0.720432 0.688025
5.233330 -15.887893 19.876266 -0.170593 0.061579 -0.057069 0.724618 0.684017
5.266660 -16.048184 19.865322 -0.233673 0.059951 -0.056106 0.728467 0.680143
5.300000 -16.209034 19.852303 -0.288379 0.061454 -0.055192 0.731560 0.676755
5.333330 -16.370049 19.825460 -0.353460 0.062440 -0.053484 0.736356 0.671581
5.366660 -16.532155 19.807074 -0.390240 0.059850 -0.053399 0.742149 0.665418
5.400000 -16.695198 19.786034 -0.416963 0.059948 -0.052520 0.744839 0.662467
5.433330 -16.858907 19.763345 -0.433207 0.059229 -0.048218 0.748931 0.658232
5.466660 -17.023508 19.738353 -0.438708 0.057858 -0.044267 0.752325 0.654752
5.500000 -17.188929 19.710905 -0.433136 0.057392 -0.041392 0.755856 0.650903
5.533330 -17.355310 19.680869 -0.416554 0.054566 -0.038895 0.759625 0.646901
5.566660 -17.522588 19.649500 -0.389100 0.051586 -0.035258 0.762594 0.643853
5.600000 -17.690800 19.615845 -0.350783 0.050980 -0.031293 0.765779 0.640316
5.633330 -17.859761 19.579909 -0.301984 0.050053 -0.028601 0.769886 0.635572
5.666660 -18.027284 19.524575 -0.278945 0.053057 -0.030232 0.773942 0.630305
5.700000 -18.187145 19.453868 -0.275267 0.051143 -0.025416 0.778031 0.625625
5.733330 -18.352447 19.406380 -0.218869 0.049904 -0.021631 0.781080 0.622057
5.766660 -18.521727 19.359328 -0.136476 0.047743 -0.018052 0.783731 0.619000
5.800000 -18.691390 19.312305 -0.046582 0.046145 -0.016480 0.786514 0.615626
5.833330 -18.861414 19.262255 0.049893 0.041697 -0.014376 0.789954 0.611578
5.866660 -19.018999 19.180713 0.108133 0.042026 -0.011072 0.794844 0.605255
5.900000 -19.063388 19.018446 0.194492 0.040477 -0.001330 0.798599 0.600500
5.933330 -19.116058 18.950442 0.281633 0.039605 0.007410 0.801575 0.596535
5.966660 -19.273579 18.887851 0.391694 0.035903 0.010343 0.805151 0.591891
6.000000 -19.430945 18.823118 0.503007 0.034193 0.015084 0.806840 0.589586
6.033330 -19.587845 18.756595 0.614385 0.030077 0.019315 0.810850 0.584162
6.066660 -19.744356 18.688335 0.724597 0.026664 0.020964 0.815638 0.577568
6.100000 -19.900376 18.617615 0.832708 0.024647 0.023369 0.818726 0.573179
6.133330 -20.063037 18.555972 0.932423 0.026094 0.022050 0.820626 0.570444
6.166660 -20.221966 18.490268 1.024519 0.022475 0.023127 0.823075 0.567016
6.200000 -20.392745 18.426276 1.098899 0.020081 0.026800 0.825544 0.563343
6.233330 -20.611788 18.328317 1.178968 0.018779 0.027391 0.829410 0.557652
6.266660 -20.767981 18.244781 1.258136 0.015613 0.029817 0.831120 0.555073
6.300000 -20.918187 18.160647 1.332566 0.014815 0.034187 0.833912 0.550639
6.333330 -21.073538 18.072811 1.391905 0.013336 0.036683 0.836155 0.547103
6.366660 -21.243071 17.978367 1.444661 0.010044 0.036503 0.840686 0.540197
6.400000 -21.411038 17.888807 1.483478 0.005070 0.036225 0.842272 0.537811
6.433330 -21.569463 17.794109 1.515464 0.001739 0.037801 0.845790 0.532172
6.466660 -21.730243 17.698776 1.535557 -0.001702 0.039236 0.848265 0.528113
6.500000 -21.884366 17.603011 1.546660 -0.005274 0.040686 0.850966 0.523616
6.533330 -22.036780 17.503991 1.546964 -0.012093 0.043502 0.854312 0.517796
6.566660 -22.196256 17.396984 1.533568 -0.014353 0.044347 0.856602 0.513868
6.600000 -22.347338 17.293572 1.512138 -0.017020 0.043975 0.858013 0.511459
6.633330 -22.492673 17.192095 1.476244 -0.021569 0.045249 0.861375 0.505490
6.666660 -22.639085 17.087383 1.432074 -0.026094 0.048505 0.863298 0.501680
6.700000 -22.787101 16.977851 1.380656 -0.028384 0.049479 0.865282 0.498029
6.733330 -22.934666 16.867431 1.320369 -0.030780 0.051595 0.866678 0.495237
6.766660 -23.043575 16.771329 1.247244 -0.034578 0.053287 0.867682 0.493044
6.799990 -23.186371 16.656340 1.171776 -0.036487 0.055702 0.870759 0.487180
6.833330 -23.329054 16.539647 1.089600 -0.039722 0.054386 0.872837 0.483343
6.866660 -23.470952 16.420954 1.002105 -0.044013 0.054554 0.875594 0.477934
6.899990 -23.611905 16.300352 0.910201 -0.047248 0.054391 0.878517 0.472247
6.933330 -23.751946 16.177883 0.815051 -0.052609 0.055635 0.880057 0.468654
6.966660 -23.826109 16.079178 0.707753 -0.055972 0.059622 0.881920 0.464251
6.999990 -23.946373 15.961872 0.608453 -0.058996 0.060734 0.884267 0.459241
7.033330 -24.073868 15.837204 0.508872 -0.062675 0.061042 0.887588 0.452254
7.066660 -24.206807 15.708424 0.411390 -0.065576 0.060160 0.889984 0.447223
7.099990 -24.324252 15.584697 0.313164 -0.070826 0.060731 0.892149 0.442002
7.133330 -24.454716 15.452018 0.221497 -0.074643 0.058676 0.894855 0.436142
7.166660 -24.584569 15.318156 0.134250 -0.074544 0.059493 0.898371 0.428757
7.199990 -24.713780 15.182847 0.052647 -0.078074 0.059543 0.901113 0.422320
7.233330 -24.842416 15.046159 -0.022486 -0.079429 0.059331 0.903895 0.416106
7.266660 -24.970248 14.908112 -0.090227 -0.081926 0.058777 0.905097 0.413076
7.299990 -25.097378 14.768583 -0.149743 -0.085308 0.054116 0.907317 0.408130
7.333330 -25.223952 14.627406 -0.200332 -0.088155 0.053679 0.909879 0.401830
7.366660 -25.350014 14.484748 -0.241324 -0.093429 0.052886 0.911887 0.396151
7.399990 -25.475557 14.340657 -0.272121 -0.094068 0.053657 0.914441 0.389961
7.433330 -25.599989 14.194362 -0.292451 -0.095421 0.051703 0.916591 0.384814
7.466660 -25.724440 14.047605 -0.301822 -0.096486 0.051178 0.918780 0.379360
7.499990 -25.848346 13.899552 -0.300183 -0.097751 0.050323 0.921160 0.373332
7.533330 -25.971604 13.750173 -0.287161 -0.099656 0.047130 0.923249 0.368047
7.566660 -26.094130 13.599526 -0.263032 -0.103355 0.044765 0.925377 0.361927
7.599990 -26.215857 13.447510 -0.228041 -0.103704 0.041960 0.926845 0.358389
7.633330 -26.336876 13.293976 -0.182543 -0.104727 0.041047 0.928990 0.352598
7.666660 -26.457107 13.139094 -0.126705 -0.106664 0.037680 0.930492 0.348409
7.699990 -26.576420 12.982706 -0.061073 -0.107212 0.036715 0.931925 0.344489
7.733330 -26.695000 12.824873 0.013641 -0.106499 0.035486 0.934588 0.337556
7.766660 -26.812619 12.665665 0.096628 -0.104958 0.032793 0.935961 0.334492
7.799990 -26.929333 12.505150 0.187024 -0.106346 0.030220 0.937292 0.330546
7.833330 -27.045017 12.343102 0.284024 -0.106419 0.028490 0.939192 0.325241
7.866660 -27.159759 12.179790 0.386666 -0.104089 0.025713 0.940666 0.321950
7.899990 -27.273447 12.015106 0.493997 -0.103758 0.022807 0.942821 0.315915
7.933330 -27.372521 11.856281 0.567555 -0.104047 0.018273 0.945553 0.307847
7.966660 -27.400314 11.636194 0.645472 -0.102896 0.014204 0.947690 0.301818
7.999990 -27.219529 11.658667 0.754900 -0.107605 0.017482 0.948796 0.296482
8.033330 -27.290838 11.500150 0.867054 -0.106675 0.017027 0.950678 0.290761
8.066660 -27.157265 11.472316 1.010337 -0.108893 0.017636 0.951626 0.286774
8.099990 -27.242430 11.315136 1.115245 -0.110285 0.016733 0.953244 0.280863
8.133330 -27.329234 11.154606 1.223000 -0.110140 0.014234 0.954913 0.275332
8.166660 -27.412322 10.991297 1.326531 -0.108425 0.012284 0.956284 0.271319
8.200000 -27.493351 10.826454 1.424848 -0.106994 0.010221 0.958402 0.264412
8.233330 -27.545245 10.701065 1.506225 -0.108281 0.008472 0.959598 0.259566
8.266660 -27.630708 10.541481 1.576763 -0.109451 0.005519 0.960380 0.256241
8.300000 -27.706349 10.374994 1.653117 -0.109530 0.003974 0.961485 0.252061
8.333330 -27.780218 10.207547 1.720703 -0.108188 0.003362 0.962369 0.249259
8.366660 -27.852027 10.039019 1.778988 -0.109054 0.003672 0.963231 0.245518
8.400000 -27.921979 9.869631 1.827415 -0.105644 0.002349 0.965484 0.238066
8.433330 -27.990095 9.699468 1.865493 -0.102144 -0.000898 0.966815 0.234169
8.466670 -28.061118 9.531117 1.892948 -0.100608 -0.004580 0.968542 0.227559
8.500000 -28.125399 9.358996 1.909693 -0.099503 -0.008627 0.969938 0.221914
8.533330 -28.187854 9.186011 1.915649 -0.096232 -0.010228 0.970963 0.218783
8.566670 -28.248365 9.012046 1.910796 -0.092621 -0.010143 0.972411 0.213858
8.600000 -28.337318 8.850459 1.878068 -0.089204 -0.009720 0.974354 0.206356
8.633340 -28.394865 8.675204 1.852094 -0.086092 -0.011893 0.975531 0.201957
8.666670 -28.450209 8.498927 1.816314 -0.084145 -0.014936 0.976744 0.196640
8.700000 -28.514101 8.324340 1.760260 -0.083229 -0.015441 0.977488 0.193268
8.733340 -28.574703 8.115974 1.689802 -0.079895 -0.017778 0.978492 0.189353
8.766670 -28.627194 7.937606 1.627027 -0.078560 -0.021053 0.979636 0.183569
8.800000 -28.676219 7.757806 1.557057 -0.073392 -0.021018 0.980835 0.179262
8.833340 -28.724630 7.548782 1.457250 -0.069770 -0.021314 0.981718 0.175807
8.866670 -28.770418 7.366632 1.374566 -0.068936 -0.022976 0.982743 0.170108
8.900010 -28.805693 7.185609 1.272996 -0.064384 -0.022199 0.983872 0.165400
8.933340 -28.847691 7.002414 1.182020 -0.061217 -0.022684 0.985019 0.159612
8.966670 -28.891081 6.820300 1.088687 -0.055901 -0.024445 0.985971 0.155369
9.000010 -28.927203 6.650688 0.970051 -0.052432 -0.023754 0.986825 0.151208
9.033340 -28.963650 6.466888 0.874846 -0.047849 -0.025108 0.987908 0.145318
9.066670 -28.998920 6.282864 0.781004 -0.044093 -0.024954 0.989023 0.138807
9.100010 -29.062971 6.023295 0.683215 -0.040935 -0.027616 0.989672 0.134578
9.133340 -29.101295 5.822680 0.594575 -0.035272 -0.031088 0.990469 0.129466
9.166680 -29.132730 5.633267 0.510505 -0.031920 -0.034696 0.991236 0.123406
9.200010 -29.165911 5.437780 0.431073 -0.029290 -0.038265 0.991642 0.119687
9.233340 -29.193632 5.247936 0.359279 -0.025648 -0.041563 0.991951 0.116825
9.266680 -29.219539 5.057719 0.294865 -0.021444 -0.039560 0.992870 0.110378
9.300010 -29.243935 4.867383 0.238715 -0.018806 -0.042764 0.993384 0.104909
9.333340 -29.268432 4.672493 0.192199 -0.018177 -0.044943 0.993810 0.099960
9.366680 -29.290011 4.481182 0.154265 -0.013831 -0.045604 0.994317 0.095199
9.400010 -29.309686 4.289689 0.126160 -0.009931 -0.047535 0.994919 0.088189
9.433350 -29.344346 4.076039 0.106259 -0.008323 -0.050659 0.995128 0.084171
9.466680 -29.360831 3.881986 0.098775 -0.006113 -0.050830 0.995426 0.080660
9.500010 -29.376906 3.687781 0.102543 -0.003487 -0.050512 0.995802 0.076258
9.533350 -29.390964 3.493184 0.117232 0.001704 -0.049765 0.996153 0.072113
9.566680 -29.403366 3.298188 0.142783 0.004782 -0.049215 0.996466 0.067896
9.600010 -29.414144 3.102975 0.178939 0.008049 -0.047417 0.996916 0.062004
9.633350 -29.423051 2.907587 0.225667 0.010461 -0.048576 0.997119 0.057317
9.666680 -29.430450 2.712184 0.282512 0.015108 -0.048278 0.997361 0.052072
9.700020 -29.436683 2.516839 0.348870 0.018796 -0.045476 0.997739 0.045781
9.733350 -29.441092 2.321424 0.424191 0.021712 -0.047804 0.997798 0.040534
9.766680 -29.443857 2.125921 0.507775 0.024152 -0.046734 0.997979 0.035648
9.800020 -29.445047 1.930353 0.598805 0.027529 -0.046603 0.998106 0.029223
9.833350 -29.444657 1.734934 0.696340 0.032802 -0.045002 0.998150 0.024395
9.866680 -29.442577 1.539496 0.799375 0.037042 -0.043830 0.998182 0.018403
9.900020 -29.438709 1.344013 0.906891 0.041140 -0.041353 0.998218 0.012599
9.933350 -29.437327 1.149109 1.017517 0.044401 -0.040225 0.998185 0.006156
9.966690 -29.430093 0.953936 1.130545 0.049180 -0.038149 0.998061 0.000168
10.000000 -29.421067 0.759175 1.244589 0.051212 -0.037901 0.997950 -0.005997
10.033400 -29.414749 0.564350 1.358635 0.052921 -0.036812 0.997854 -0.011459
10.066700 -29.402366 0.370054 1.471323 0.055468 -0.033409 0.997765 -0.016473
10.100000 -29.388166 0.176039 1.581828 0.057631 -0.033048 0.997541 -0.022312
10.133400 -29.376225 -0.018190 1.688930 0.062266 -0.031213 0.997218 -0.026557
10.166700 -29.358326 -0.211847 1.791409 0.065205 -0.029821 0.996906 -0.032219
10.200000 -29.338389 -0.405280 1.888437 0.068631 -0.027895 0.996500 -0.038713
10.233400 -29.316487 -0.599160 1.979369 0.069948 -0.024972 0.996381 -0.041329
10.266700 -29.292876 -0.792303 2.062635 0.069061 -0.025334 0.996246 -0.045625
10.300000 -29.267475 -0.985027 2.137690 0.072147 -0.023653 0.995782 -0.051513
10.333400 -29.240022 -1.177894 2.204129 0.073091 -0.025593 0.995409 -0.056254
10.366700 -29.211044 -1.369810 2.260760 0.077437 -0.024445 0.994745 -0.062362
10.400000 -29.180315 -1.561372 2.307137 0.079565 -0.022413 0.994312 -0.067161
10.433400 -29.147641 -1.753012 2.343069 0.081691 -0.021471 0.993712 -0.073499
10.466700 -29.113168 -1.943790 2.368169 0.083242 -0.020486 0.993346 -0.076914
10.500000 -29.093165 -2.134853 2.381897 0.086546 -0.020062 0.992721 -0.081318
10.533400 -29.055439 -2.325356 2.384945 0.087107 -0.017612 0.992344 -0.085768
10.566700 -29.015984 -2.514926 2.377090 0.086628 -0.017183 0.991855 -0.091780
10.600000 -28.976722 -2.704003 2.358600 0.088653 -0.014658 0.991303 -0.096144
10.633400 -28.933543 -2.893003 2.329541 0.086987 -0.012331 0.991193 -0.099083
10.666700 -28.888774 -3.080980 2.290572 0.086207 -0.012413 0.990657 -0.104940
10.700000 -28.842759 -3.268534 2.242164 0.085140 -0.010525 0.990208 -0.110126
10.733400 -28.794404 -3.456106 2.184810 0.087420 -0.008936 0.989263 -0.116773
10.766700 -28.744440 -3.642482 2.119557 0.085779 -0.006899 0.989103 -0.119457
10.800000 -28.695517 -3.828726 2.046973 0.084959 -0.005502 0.988400 -0.125764
10.833400 -28.642004 -4.014483 1.967768 0.087576 -0.004210 0.987826 -0.128500
10.866700 -28.587019 -4.199068 1.883367 0.085568 -0.001990 0.987284 -0.133958
10.900000 -28.561441 -4.393335 1.741714 0.090483 0.005562 0.986441 -0.136809
10.933400 -28.503417 -4.577403 1.646946 0.089328 0.006913 0.985897 -0.141348
10.966700 -28.443997 -4.760379 1.550223 0.089295 0.008199 0.984851 -0.148419
11.000000 -28.382694 -4.942492 1.452282 0.091075 0.010011 0.983918 -0.153333
11.033400 -28.320382 -5.124601 1.353838 0.092397 0.014192 0.983017 -0.157918
11.066700 -28.255918 -5.305280 1.256803 0.092004 0.016712 0.982221 -0.162782
11.100000 -28.193286 -5.486314 1.161521 0.090682 0.019801 0.981445 -0.167783
11.133400 -28.125469 -5.666242 1.069670 0.089672 0.021845 0.980141 -0.175512
11.166700 -28.056187 -5.844738 0.982549 0.086655 0.023311 0.979503 -0.180339
11.200000 -27.984973 -6.022292 0.900783 0.087575 0.023906 0.978398 -0.185731
11.233400 -27.912423 -6.199634 0.825207 0.087114 0.023090 0.977315 -0.191660
11.266700 -27.838470 -6.375766 0.757252 0.082714 0.025541 0.976694 -0.196406
11.300000 -27.762975 -6.551195 0.697394 0.080937 0.026164 0.975766 -0.201607
11.333400 -27.685927 -6.726576 0.646218 0.080363 0.028248 0.974591 -0.207162
11.366700 -27.607792 -6.900749 0.604604 0.081054 0.029427 0.973360 -0.212447
11.400000 -27.528216 -7.074271 0.572944 0.081081 0.032356 0.971961 -0.218337
11.433400 -27.552649 -7.282616 0.508036 0.082134 0.038335 0.970149 -0.224936
11.466700 -27.473822 -7.454008 0.495038 0.079876 0.039930 0.968025 -0.234419
11.500000 -27.432661 -7.635004 0.471685 0.076880 0.042110 0.966428 -0.241523
11.533400 -27.397315 -7.820360 0.464145 0.073704 0.045612 0.965122 -0.247035
11.566700 -27.318940 -7.990277 0.482998 0.069786 0.046679 0.964297 -0.251161
11.600000 -27.236470 -8.158362 0.512641 0.068149 0.047215 0.962331 -0.258932
11.633400 -27.172001 -8.336211 0.548363 0.065519 0.048462 0.961311 -0.263136
11.666700 -27.089995 -8.503578 0.598493 0.062812 0.049580 0.959899 -0.268683
11.700000 -27.006696 -8.669912 0.658175 0.059203 0.050823 0.958395 -0.274576
11.733400 -26.942441 -8.872201 0.722416 0.059531 0.054882 0.957063 -0.278343
11.766700 -26.865076 -9.055576 0.798663 0.057307 0.052334 0.955803 -0.283580
11.800000 -26.780834 -9.222305 0.882432 0.056103 0.051952 0.954864 -0.287032
11.833400 -26.705703 -9.423540 0.970600 0.052194 0.051072 0.954232 -0.290015
11.866700 -26.618558 -9.589719 1.066163 0.050651 0.049394 0.953201 -0.293943
11.900000 -26.547261 -9.778090 1.163943 0.048204 0.049735 0.951416 -0.300016
11.933400 -26.456586 -9.943131 1.267815 0.043545 0.051239 0.950208 -0.304275
11.966700 -26.368367 -10.108289 1.373231 0.040601 0.050853 0.948188 -0.310973
12.000000 -26.275642 -10.270636 1.480301 0.037194 0.051900 0.946550 -0.316175
12.033400 -26.179879 -10.467146 1.580465 0.034076 0.054323 0.945246 -0.319997
12.066700 -26.082520 -10.631359 1.686851 0.028397 0.055613 0.943515 -0.325393
12.100000 -25.994684 -10.805939 1.785910 0.025158 0.058285 0.941612 -0.330662
12.133400 -25.896721 -10.965326 1.886195 0.022094 0.057936 0.940206 -0.334915
12.166700 -25.799552 -11.123666 1.981839 0.017344 0.057389 0.939696 -0.336714
12.200000 -25.699532 -11.279757 2.071985 0.013792 0.059162 0.937241 -0.343349
12.233400 -25.597172 -11.471135 2.152304 0.011878 0.059473 0.935092 -0.349179
12.266700 -25.494231 -11.625890 2.228594 0.007088 0.059630 0.933621 -0.353193
12.300100 -25.399813 -11.758992 2.299881 0.005367 0.057564 0.931317 -0.359593
12.333400 -25.294337 -11.904419 2.360650 0.002801 0.055742 0.929218 -0.365293
12.366700 -25.188363 -12.053533 2.410888 0.001287 0.053988 0.927212 -0.370622
12.400100 -25.080267 -12.201122 2.451244 -0.003307 0.053053 0.924908 -0.376456
12.433400 -24.971914 -12.346933 2.481045 -0.005809 0.054713 0.922720 -0.381524
12.466700 -24.862284 -12.491069 2.500155 -0.008731 0.054398 0.920404 -0.387067
12.500100 -24.750628 -12.633799 2.508429 -0.010496 0.050457 0.919768 -0.389064
12.533400 -24.629908 -12.779195 2.507058 -0.012283 0.050438 0.917624 -0.394044
12.566700 -24.516378 -12.918852 2.493639 -0.016280 0.048026 0.915246 -0.399692
12.600100 -24.401309 -13.062806 2.469006 -0.021823 0.046890 0.913972 -0.402468
12.633400 -24.285794 -13.199702 2.434478 -0.023314 0.044536 0.912164 -0.406730
12.666700 -24.168932 -13.335031 2.389903 -0.025166 0.044787 0.910519 -0.410264
12.700100 -24.050372 -13.469114 2.335626 -0.025793 0.045114 0.908069 -0.415584
12.733400 -23.931029 -13.601137 2.272861 -0.027444 0.042705 0.906207 -0.419775
12.766700 -23.810560 -13.731586 2.202082 -0.029811 0.041776 0.903794 -0.424879
12.800100 -23.688571 -13.860844 2.123567 -0.032485 0.038970 0.900950 -0.430947
12.833400 -23.565152 -13.987406 2.038791 -0.037684 0.034562 0.898715 -0.435543
12.866700 -23.441441 -14.112722 1.948702 -0.040607 0.035436 0.896305 -0.440151
12.900100 -23.316286 -14.236602 1.853904 -0.040861 0.033743 0.894449 -0.444018
12.933400 -23.190307 -14.358162 1.755938 -0.043383 0.031500 0.891357 -0.450121
12.966700 -23.063262 -14.477698 1.655754 -0.046501 0.029090 0.888616 -0.455359
13.000100 -22.934796 -14.595720 1.554190 -0.048604 0.027001 0.885471 -0.461356
13.033400 -22.805744 -14.711432 1.452934 -0.052511 0.023896 0.882292 -0.467153
13.066700 -22.675693 -14.825115 1.352871 -0.053886 0.020358 0.879441 -0.472509
13.100100 -22.543772 -14.936805 1.254877 -0.056752 0.019018 0.877145 -0.476480
13.133400 -22.411455 -15.046262 1.160398 -0.059283 0.014987 0.874625 -0.480929
13.166700 -22.278011 -15.153572 1.070206 -0.062561 0.013805 0.872190 -0.484953
13.200100 -22.143186 -15.259094 0.985085 -0.062779 0.010354 0.870195 -0.488582
13.233400 -22.007675 -15.362138 0.906473 -0.066336 0.007685 0.868313 -0.491500
13.266700 -21.871103 -15.462999 0.835104 -0.066693 0.005011 0.863977 -0.499071
13.300100 -21.733052 -15.562027 0.771690 0.068285 0.000099 -0.860777 0.504381
13.333400 -21.594254 -15.658794 0.717243 0.070052 0.003938 -0.857916 0.508977
13.366700 -21.430107 -15.743525 0.688703 0.073386 0.009227 -0.856240 0.511256
13.400100 -21.263667 -15.888537 0.656586 0.075177 0.009962 -0.854141 0.514483
13.433400 -21.103023 -16.027352 0.631932 0.077542 0.011436 -0.850592 0.519951
13.466700 -20.919017 -16.187535 0.616704 0.076737 0.013775 -0.848594 0.523268
13.500100 -20.772888 -16.282165 0.613530 0.080276 0.017355 -0.844611 0.529044
13.533400 -20.624334 -16.372421 0.621612 0.079734 0.019745 -0.841122 0.534571
13.566700 -20.475739 -16.461324 0.640688 0.079314 0.023367 -0.839566 0.536928
13.600100 -20.325614 -16.548319 0.670399 0.079915 0.027202 -0.835863 0.542409
13.633400 -20.171748 -16.629875 0.710569 0.081259 0.032315 -0.831417 0.548725
13.666700 -20.018820 -16.711353 0.760339 0.080734 0.034367 -0.829302 0.551869
13.700100 -19.864792 -16.791617 0.819520 0.081426 0.039924 -0.825655 0.556839
13.733400 -19.709394 -16.868644 0.887450 0.080426 0.041909 -0.821476 0.562985
13.766700 -19.552878 -16.943329 0.963543 0.081491 0.045542 -0.817241 0.568685
13.800100 -19.396528 -17.017759 1.047092 0.084105 0.048700 -0.813383 0.573553
13.833400 -19.239686 -17.090147 1.136872 0.083431 0.050102 -0.810147 0.578093
13.866700 -19.082159 -17.160586 1.232114 0.081813 0.052878 -0.806282 0.583456
13.900100 -18.920899 -17.226474 1.332022 0.081263 0.053514 -0.801527 0.589989
13.933400 -18.761929 -17.292732 1.434915 0.081107 0.054098 -0.796978 0.596089
13.966700 -18.602312 -17.357110 1.539988 0.080115 0.057278 -0.793246 0.600884
14.000100 -18.441242 -17.419626 1.646397 0.079100 0.058106 -0.790605 0.604410
14.033400 -18.280805 -17.480279 1.752764 0.079519 0.061376 -0.788671 0.606554
14.066700 -18.119654 -17.538476 1.858035 0.077254 0.063299 -0.784866 0.611564
14.100100 -17.964346 -17.623678 1.949999 0.075678 0.063252 -0.781885 0.615572
14.133400 -17.821024 -17.683735 2.049111 0.074339 0.065621 -0.777674 0.620798
14.166700 -17.660240 -17.736085 2.144133 0.075358 0.068218 -0.776313 0.622098
14.200100 -17.499587 -17.788744 2.233637 0.072165 0.071596 -0.773318 0.625816
14.233400 -17.348239 -17.832186 2.314077 0.070619 0.074002 -0.770652 0.628993
14.266700 -17.189090 -17.876167 2.389676 0.068986 0.074852 -0.766197 0.634493
14.300100 -17.032191 -17.917339 2.457083 0.064631 0.077424 -0.764374 0.636837
14.333400 -16.869862 -17.958710 2.515259 0.064698 0.078927 -0.759965 0.641901
14.366700 -16.707010 -17.997556 2.564031 0.061611 0.079464 -0.757628 0.644895
14.400100 -16.543382 -18.034240 2.602810 0.060742 0.078664 -0.754886 0.648282
14.433400 -16.379846 -18.068597 2.630915 0.059487 0.078749 -0.750101 0.653918
14.466700 -16.215940 -18.100745 2.648221 0.056303 0.079168 -0.748247 0.656269
14.500100 -16.051444 -18.131668 2.654621 0.052759 0.079622 -0.744728 0.660498
14.533400 -15.886827 -18.159558 2.649871 0.051284 0.079442 -0.741781 0.663942
14.566700 -15.722018 -18.185417 2.634066 0.047784 0.080645 -0.738003 0.668255
14.600100 -15.556398 -18.209392 2.607479 0.042661 0.081140 -0.733484 0.673496
14.633400 -15.391199 -18.231138 2.570573 0.038143 0.080657 -0.731508 0.675970
14.666700 -15.226478 -18.252663 2.523601 0.039307 0.082325 -0.727382 0.680142
14.700100 -15.060304 -18.269812 2.466902 0.039392 0.083754 -0.723446 0.684149
14.733400 -14.894511 -18.284864 2.401602 0.037409 0.083617 -0.718776 0.689180
14.766800 -14.728258 -18.297895 2.327981 0.037430 0.084104 -0.715789 0.692223
14.800100 -14.562380 -18.308554 2.247295 0.033891 0.084348 -0.711013 0.697279
14.833400 -14.396275 -18.317001 2.160238 0.031372 0.084057 -0.707923 0.700568
14.866800 -14.229870 -18.318943 2.057281 0.026422 0.078827 -0.705862 0.703453
14.900100 -14.073493 -18.323707 1.957858 0.022772 0.077633 -0.701654 0.707910
14.933400 -13.907526 -18.324767 1.857173 0.020461 0.076290 -0.697440 0.712277
14.966800 -13.743988 -18.315840 1.753545 0.019057 0.074549 -0.691147 0.718606
15.000100 -13.582881 -18.312524 1.647396 0.016271 0.075365 -0.687060 0.722498
15.033400 -13.419735 -18.299589 1.541480 0.010897 0.072071 -0.682546 0.727198
15.066800 -13.245901 -18.291856 1.438513 0.006683 0.069572 -0.680348 0.729549
15.100100 -13.079837 -18.280538 1.336947 0.003020 0.068705 -0.675925 0.733755
15.133400 -12.913784 -18.267982 1.238849 0.001201 0.066404 -0.673217 0.736456
15.166800 -12.724869 -18.249676 1.144539 -0.000754 0.064100 -0.669495 0.740045
15.200100 -12.557723 -18.232300 1.056141 -0.001903 0.061917 -0.666008 0.743368
15.233400 -12.385541 -18.210569 0.974213 -0.003692 0.062405 -0.661417 0.747408
15.266800 -12.220821 -18.187089 0.898391 -0.005746 0.063134 -0.657292 0.750965
15.300100 -12.075488 -18.156860 0.831779 -0.007854 0.063489 -0.653050 0.754608
15.333400 -11.910012 -18.130360 0.773817 -0.009391 0.063293 -0.647393 0.759466
15.366800 -11.744172 -18.101680 0.725200 -0.011604 0.062449 -0.643547 0.762766
15.400100 -11.578916 -18.071457 0.686690 -0.011963 0.059710 -0.639296 0.766545
15.433400 -11.413792 -18.039088 0.658542 -0.013489 0.057309 -0.634627 0.770573
15.466800 -11.248282 -18.004985 0.641195 -0.016288 0.054946 -0.630729 0.773884
15.500100 -11.083357 -17.969324 0.634874 -0.017731 0.052820 -0.627651 0.776498
15.533400 -10.918519 -17.931839 0.639414 -0.020788 0.051987 -0.623060 0.780168
15.566800 -10.753465 -17.892350 0.655002 -0.024150 0.050231 -0.618917 0.783477
15.600100 -10.589011 -17.851898 0.681197 -0.024625 0.046392 -0.616114 0.785904
15.633400 -10.425024 -17.808931 0.717760 -0.027555 0.044699 -0.611941 0.789158
15.666800 -10.261017 -17.764167 0.764411 -0.029514 0.043012 -0.608437 0.791886
15.700100 -10.097865 -17.717874 0.820430 -0.033951 0.040168 -0.605167 0.794360
15.733400 -9.934975 -17.669192 0.885193 -0.038018 0.038667 -0.599792 0.798317
15.766800 -9.771685 -17.619079 0.958372 -0.040678 0.035552 -0.595913 0.801230
15.800100 -9.609048 -17.567324 1.038459 -0.044205 0.031878 -0.590646 0.805088
15.833400 -9.446583 -17.513640 1.124951 -0.046118 0.029091 -0.587588 0.807321
15.866800 -9.283802 -17.458007 1.217181 -0.046591 0.025788 -0.583794 0.810153
15.900100 -9.121787 -17.400213 1.313555 -0.047393 0.021554 -0.580752 0.812414
15.933400 -8.960054 -17.340922 1.413422 -0.050708 0.017703 -0.575766 0.815849
15.966800 -8.798288 -17.279580 1.515989 -0.051485 0.014579 -0.572318 0.818284
16.000100 -8.637290 -17.216409 1.619475 -0.055005 0.013587 -0.568990 0.820391
16.033400 -8.476621 -17.151393 1.723028 -0.054303 0.011899 -0.565926 0.822579
16.066800 -8.315707 -17.084356 1.825715 -0.057329 0.007026 -0.560061 0.826435
16.100100 -8.155767 -17.015581 1.925812 -0.061500 0.004424 -0.554131 0.830143
16.133400 -7.996557 -16.944651 2.022534 -0.062724 -0.000559 -0.548741 0.833636
16.166800 -7.837457 -16.871803 2.115097 -0.062842 -0.004879 -0.545638 0.835647
16.200100 -7.679320 -16.797116 2.201818 -0.062387 -0.007402 -0.541348 0.838448
16.233400 -7.521708 -16.720432 2.281928 -0.062651 -0.010014 -0.536910 0.841250
16.266800 -7.364248 -16.641737 2.354968 -0.062934 -0.012916 -0.531034 0.844912
16.300100 -7.208005 -16.561422 2.419757 -0.062780 -0.016012 -0.526956 0.847420
16.333400 -7.052491 -16.479133 2.475773 -0.061640 -0.020021 -0.521263 0.850932
16.366800 -6.897227 -16.394649 2.522346 -0.060072 -0.024019 -0.514957 0.854771
16.400100 -6.743262 -16.308417 2.558733 -0.060690 -0.026953 -0.511605 0.856651
16.433400 -6.589931 -16.220198 2.584769 -0.062724 -0.030217 -0.506083 0.859670
16.466800 -6.436818 -16.129720 2.600063 -0.063265 -0.035018 -0.500999 0.862422
16.500100 -6.284885 -16.037482 2.604445 -0.061739 -0.039432 -0.497624 0.864294
16.533400 -6.133685 -15.943282 2.598045 -0.060907 -0.039391 -0.491940 0.867602
16.566800 -5.982739 -15.846832 2.580799 -0.059499 -0.039677 -0.489149 0.869263
16.600100 -5.833247 -15.748819 2.552953 -0.060132 -0.043457 -0.485211 0.871244
16.633400 -5.684688 -15.648989 2.514700 -0.060709 -0.046595 -0.480524 0.873636
16.666800 -5.534492 -15.551866 2.465925 -0.058363 -0.050933 -0.477277 0.875332
16.700100 -5.387376 -15.448098 2.408217 -0.058871 -0.053049 -0.471579 0.878256
16.733400 -5.241098 -15.342520 2.341664 -0.056326 -0.054108 -0.468385 0.880065
16.766800 -5.095355 -15.235031 2.266737 -0.056666 -0.057773 -0.463241 0.882530
16.800100 -4.951288 -15.125909 2.183555 -0.056883 -0.059066 -0.460348 0.883943
16.833400 -4.807966 -15.014888 2.095071 -0.056880 -0.060280 -0.453963 0.887158
16.866800 -4.665051 -14.901630 2.000905 -0.058356 -0.061990 -0.449888 0.889018
16.900100 -4.624497 -14.629296 1.888005 -0.057357 -0.067399 -0.443821 0.891735
16.933400 -4.631409 -14.490982 1.790893 -0.054206 -0.072703 -0.438103 0.894339
16.966800 -4.565085 -14.380212 1.688056 -0.052009 -0.074410 -0.431887 0.897347
17.000100 -4.566261 -14.245149 1.590369 -0.049447 -0.077518 -0.427508 0.899323
17.033400 -4.439651 -14.120341 1.485119 -0.048330 -0.079625 -0.423485 0.901102
17.066700 -4.314321 -13.993371 1.381121 -0.046773 -0.082264 -0.417577 0.903701
17.100100 -4.206384 -13.822312 1.281201 -0.045087 -0.082507 -0.411362 0.906610
17.133400 -4.083599 -13.690673 1.182456 -0.043694 -0.085631 -0.404076 0.909660
17.166700 -3.961974 -13.557536 1.088328 -0.041490 -0.086375 -0.399465 0.911727
17.200100 -3.840684 -13.422960 0.999450 -0.040554 -0.086140 -0.394617 0.913900
17.233400 -3.729154 -13.275782 0.917763 -0.038198 -0.086210 -0.389744 0.916083
17.266700 -3.606844 -13.111241 0.842335 -0.035908 -0.087169 -0.386266 0.917557
17.300100 -3.486605 -12.974067 0.774779 -0.034404 -0.085750 -0.383110 0.919070
17.333400 -3.372208 -12.829945 0.716913 -0.032744 -0.086235 -0.377504 0.921402
17.366700 -3.256924 -12.686220 0.668455 -0.030991 -0.086007 -0.372537 0.923504
17.400100 -3.142231 -12.540559 0.630114 -0.030071 -0.088007 -0.366214 0.925871
17.433400 -3.028286 -12.394425 0.602575 -0.027507 -0.085745 -0.364321 0.926910
17.466700 -2.928494 -12.237306 0.585247 -0.026659 -0.084883 -0.358755 0.929182
17.500100 -2.816479 -12.087448 0.579243 -0.023733 -0.085476 -0.354989 0.930652
17.533400 -2.759998 -11.960723 0.584641 -0.019959 -0.085499 -0.349764 0.932715
17.566700 -2.652157 -11.809520 0.600126 -0.015009 -0.084006 -0.343292 0.935344
17.600100 -2.544852 -11.656765 0.626492 -0.013771 -0.084106 -0.339968 0.936567
17.633400 -2.438675 -11.503366 0.663182 -0.010930 -0.084980 -0.334599 0.938457
17.666700 -2.333603 -11.348603 0.709823 -0.008597 -0.084197 -0.329698 0.940285
17.700100 -2.228789 -11.192501 0.766044 -0.007502 -0.083725 -0.327050 0.941261
17.733400 -2.125816 -11.035342 0.830978 -0.004437 -0.082920 -0.321855 0.943141
17.766700 -2.023938 -10.876982 0.903946 -0.004025 -0.081733 -0.317623 0.944679
17.800100 -1.922811 -10.716899 0.984408 -0.004178 -0.082552 -0.310144 0.947090
17.833400 -1.822462 -10.556505 1.071053 -0.002694 -0.080876 -0.304421 0.949094
17.866700 -1.723752 -10.394382 1.163167 -0.000385 -0.081071 -0.298780 0.950872
17.900100 -1.625811 -10.230541 1.259979 0.001761 -0.078722 -0.292984 0.952869
17.933400 -1.529240 -10.065996 1.359890 0.003447 -0.078055 -0.287305 0.954647
17.966700 -1.433880 -9.900194 1.462156 0.001908 -0.075585 -0.283785 0.955902
18.000100 -1.339458 -9.732695 1.565715 0.003471 -0.073051 -0.280953 0.956931
18.033400 -1.246441 -9.564409 1.668992 0.005978 -0.071857 -0.274991 0.958739
18.066700 -1.154759 -9.394532 1.771078 0.009571 -0.068629 -0.269957 0.960376
18.100100 -1.063944 -9.222747 1.871204 0.011687 -0.062311 -0.265392 0.962054
18.133400 -0.974784 -9.049989 1.967574 0.013141 -0.058678 -0.260949 0.963478
18.166700 -0.894141 -8.870742 2.059667 0.016407 -0.055345 -0.255503 0.965083
18.200100 -0.807491 -8.694887 2.146469 0.018420 -0.053686 -0.251113 0.966292
18.233400 -0.724608 -8.516795 2.226484 0.019985 -0.050019 -0.246479 0.967650
18.266700 -0.640992 -8.339091 2.299211 0.022878 -0.050183 -0.242157 0.968668
18.300100 -0.562552 -8.156939 2.363920 0.024924 -0.045867 -0.237446 0.969997
18.333400 -0.545373 -7.941543 2.419097 0.027534 -0.043719 -0.232405 0.971246
18.366700 -0.469691 -7.758985 2.465667 0.030200 -0.039552 -0.226485 0.972743
18.400100 -0.394042 -7.575313 2.502423 0.031051 -0.037404 -0.222924 0.973623
18.433400 -0.320960 -7.390572 2.528692 0.033463 -0.034947 -0.221286 0.974008
18.466700 -0.253596 -7.202719 2.544406 0.035064 -0.035890 -0.217324 0.974809
18.500100 -0.181245 -7.016075 2.549284 0.035835 -0.031994 -0.214904 0.975453
18.533400 -0.111938 -6.828292 2.543412 0.037806 -0.029503 -0.209594 0.976612
18.566700 -0.044209 -6.639432 2.526706 0.040102 -0.025691 -0.204576 0.977691
18.600100 0.018180 -6.447303 2.499000 0.043015 -0.025356 -0.199899 0.978543
18.633400 0.067407 -6.250635 2.460740 0.044143 -0.021913 -0.192079 0.980141
18.666700 0.124350 -6.057903 2.413073 0.045661 -0.020214 -0.188695 0.980765
18.700100 0.185079 -5.864307 2.355319 0.046686 -0.016133 -0.184259 0.981636
18.733400 0.244742 -5.670722 2.288868 0.048795 -0.011181 -0.179458 0.982491
18.766700 0.302548 -5.476219 2.214396 0.050036 -0.008191 -0.174458 0.983358
18.800100 0.358800 -5.280339 2.132379 0.052604 -0.004077 -0.170623 0.983923
18.833400 0.413405 -5.084374 2.044294 0.054851 0.001272 -0.164878 0.984787
18.866700 0.466622 -4.887760 1.950810 0.053040 0.006031 -0.159456 0.985761
18.900100 0.518593 -4.689902 1.852575 0.054621 0.011053 -0.154578 0.986408
18.933400 0.569132 -4.492078 1.751451 0.056294 0.014576 -0.147383 0.987369
18.966700 0.618305 -4.293733 1.648063 0.056055 0.017220 -0.142813 0.988011
19.000100 0.666198 -4.094147 1.543204 0.054673 0.019416 -0.136882 0.988887
19.033400 0.712481 -3.894699 1.438891 0.055546 0.023670 -0.132942 0.989283
19.066700 0.757391 -3.694839 1.335622 0.056450 0.027793 -0.125785 0.990060
19.100100 0.800869 -3.493691 1.234275 0.057415 0.034757 -0.120229 0.990475
19.133400 0.843142 -3.292676 1.136624 0.056525 0.039425 -0.112418 0.991268
19.166700 0.884274 -3.091292 1.043564 0.057394 0.042222 -0.108688 0.991519
19.200100 0.924636 -2.889047 0.955853 0.058966 0.045574 -0.106613 0.991504
19.233400 0.963898 -2.687152 0.874993 0.060938 0.050051 -0.101601 0.991695
19.266700 1.002139 -2.485149 0.801526 0.060432 0.052265 -0.096833 0.992089
19.300000 1.038608 -2.282827 0.736157 0.059876 0.055643 -0.092297 0.992371
19.333400 1.074771 -2.080094 0.679544 0.061544 0.058081 -0.087669 0.992549
19.366700 1.109758 -1.878073 0.632807 0.060990 0.061930 -0.080894 0.992925
19.400000 1.143618 -1.675998 0.596135 0.058871 0.064558 -0.074691 0.993372
19.433400 1.176466 -1.473348 0.569736 0.058876 0.065271 -0.070479 0.993633
19.466700 1.204120 -1.270418 0.554068 0.059905 0.065277 -0.066401 0.993852
19.500000 1.233926 -1.068878 0.549263 0.061292 0.070682 -0.060609 0.993767
19.533400 1.263113 -0.867223 0.555333 0.060509 0.074577 -0.054798 0.993868
19.566700 1.291360 -0.666627 0.572245 0.058849 0.076639 -0.049587 0.994085
19.600000 1.317679 -0.466309 0.599976 0.057616 0.079676 -0.044658 0.994152
19.633400 1.343710 -0.266130 0.638107 0.055109 0.081744 -0.040092 0.994321
19.666700 1.368560 -0.067037 0.686121 0.054557 0.083586 -0.034132 0.994420
19.700000 1.298543 0.139242 0.731495 0.052301 0.084876 -0.026664 0.994661
19.733400 1.242471 0.336321 0.800382 0.050127 0.085810 -0.021346 0.994821
19.766700 1.239792 0.517438 0.876221 0.050461 0.088337 -0.015195 0.994696
19.800000 1.220552 0.713919 0.955791 0.050853 0.090344 -0.012341 0.994535
19.833400 1.202147 0.858111 1.047154 0.049443 0.092939 -0.005437 0.994429
19.866700 1.209963 1.053661 1.140267 0.047224 0.093917 -0.000375 0.994459
19.900000 1.210147 1.249151 1.237609 0.046125 0.095677 0.004902 0.994331
19.933400 1.196720 1.442331 1.336780 0.042567 0.096206 0.009107 0.994409
19.966700 1.197755 1.636195 1.439991 0.040197 0.099213 0.012881 0.994170
