2.266670 -1.513270 8.358638 -1.400346 -0.091468 -0.041092 0.288964 0.952074
2.300000 -1.314849 8.518515 -1.514892 -0.109000 -0.084349 0.275925 0.951246
2.333330 -1.192801 8.606105 -1.590814 -0.125596 -0.105187 0.267863 0.949426
2.366670 -1.164207 8.643435 -1.625029 -0.144641 -0.114890 0.262253 0.947155
2.400000 -1.208962 8.802920 -1.693308 -0.108759 -0.136641 0.155363 0.972298
2.433330 -1.248429 8.950042 -1.765565 -0.092983 -0.127071 0.282141 0.946363
2.466670 -1.331863 9.060593 -1.825155 -0.171053 -0.114563 0.274601 0.939260
2.500000 -1.422183 9.242231 -1.891390 -0.174490 -0.104604 0.280267 0.938116
2.533330 -1.512351 9.414560 -1.947948 -0.175615 -0.098911 0.286138 0.936750
2.566670 -1.580755 9.558796 -2.016112 -0.179739 -0.104237 0.289815 0.934257
2.600000 -1.655882 9.696649 -2.084245 -0.180398 -0.103231 0.295322 0.932515
2.633330 -1.731971 9.842459 -2.133373 -0.179655 -0.102348 0.300837 0.930992
2.666670 -1.784453 9.962537 -2.218884 -0.180952 -0.103125 0.305655 0.929084
2.700000 -1.842674 10.065534 -2.307669 -0.172757 -0.115168 0.310677 0.927562
2.733330 -1.910365 10.216600 -2.391076 -0.180511 -0.101178 0.316925 0.925601
2.766670 -1.971559 10.330282 -2.510319 -0.182995 -0.101218 0.322644 0.923130
2.800000 -2.038173 10.438424 -2.617851 -0.182361 -0.103194 0.327723 0.921245
2.833330 -2.097049 10.570009 -2.749480 -0.186084 -0.095940 0.335336 0.918541
2.866670 -2.178372 10.669602 -2.875261 -0.195296 -0.105163 0.349920 0.910141
2.900000 -2.252079 10.815457 -3.027690 -0.187868 -0.095746 0.347578 0.913634
2.933330 -2.332310 11.011687 -3.159678 -0.187141 -0.092615 0.354553 0.911423
2.966670 -2.416853 11.155732 -3.314412 -0.187229 -0.088416 0.361510 0.909086
3.000000 -2.500070 11.343837 -3.430218 -0.182117 -0.094047 0.366063 0.907737
3.033330 -2.588089 11.478436 -3.575109 -0.180972 -0.093578 0.371806 0.905678
3.066670 -2.679457 11.580494 -3.730266 -0.180148 -0.094048 0.377795 0.903312
3.100000 -2.767929 11.690200 -3.898229 -0.192181 -0.103616 0.384271 0.897032
3.133330 -2.854721 11.834670 -4.016802 -0.176635 -0.099495 0.388327 0.898945
3.166670 -2.947645 11.943259 -4.167117 -0.188423 -0.111253 0.395966 0.891813
3.200000 -3.043137 12.066234 -4.281038 -0.173538 -0.101961 0.399358 0.894428
3.233330 -3.131011 12.186222 -4.418611 -0.165609 -0.102878 0.406131 0.892775
3.266660 -3.207695 12.309527 -4.518016 -0.169836 -0.104547 0.409817 0.890099
3.300000 -3.291043 12.427922 -4.644632 -0.168995 -0.105368 0.415075 0.887722
3.333330 -3.370448 12.545793 -4.754871 -0.166132 -0.106667 0.419765 0.885901
3.366660 -3.461984 12.667068 -4.872354 -0.166647 -0.111282 0.424915 0.882775
3.400000 -3.557424 12.785627 -4.978645 -0.165094 -0.113887 0.430007 0.880266
3.433330 -3.643318 12.900798 -5.059163 -0.163209 -0.117211 0.434724 0.877861
3.466660 -3.730713 13.009392 -5.118311 -0.163127 -0.123454 0.438803 0.874986
3.500000 -3.841709 13.123391 -5.187326 -0.161265 -0.125500 0.444069 0.872379
3.533330 -3.956125 13.233148 -5.231183 -0.159578 -0.128734 0.449172 0.869602
3.566660 -4.064423 13.339885 -5.243034 -0.160992 -0.136976 0.453018 0.866079
3.600000 -4.192635 13.455668 -5.269291 -0.157337 -0.139047 0.458552 0.863505
3.633330 -4.305971 13.554549 -5.246521 -0.154295 -0.142276 0.463230 0.861028
3.666660 -4.438625 13.678391 -5.250103 -0.152444 -0.143938 0.468606 0.858167
3.700000 -4.567776 13.792151 -5.233439 -0.169446 -0.153940 0.472445 0.851109
3.733330 -4.718976 13.915816 -5.222322 -0.148247 -0.147354 0.478903 0.852621
3.766660 -4.836225 13.993369 -5.157033 -0.144791 -0.149969 0.483149 0.850360
3.800000 -4.968010 14.091779 -5.113055 -0.141485 -0.152170 0.487730 0.847907
3.833330 -5.093627 14.176685 -5.044808 -0.137458 -0.153880 0.492479 0.845512
3.866660 -5.209553 14.256364 -4.976326 -0.133095 -0.154200 0.496636 0.843719
3.900000 -5.355453 14.352905 -4.932726 -0.130137 -0.155116 0.501637 0.841049
3.933330 -5.479043 14.443213 -4.879489 -0.126777 -0.155185 0.505921 0.838981
3.966660 -5.636557 14.547725 -4.831302 -0.124053 -0.155567 0.511273 0.836068
4.000000 -5.780007 14.632847 -4.772333 -0.120550 -0.156023 0.516103 0.833524
4.033330 -5.933630 14.725148 -4.729914 -0.118106 -0.156786 0.521063 0.830640
4.066660 -6.079276 14.807089 -4.671371 -0.116308 -0.158420 0.526000 0.827466
4.100000 -6.223503 14.899839 -4.631633 -0.112816 -0.156950 0.530795 0.825164
4.133330 -6.363799 14.981448 -4.592551 -0.110863 -0.157379 0.535459 0.822329
4.166660 -6.518544 15.083010 -4.574369 -0.108877 -0.157395 0.540101 0.819550
4.200000 -6.692895 15.182069 -4.551409 -0.106500 -0.156737 0.545764 0.816231
4.233330 -6.846717 15.279845 -4.532749 -0.104364 -0.155600 0.550943 0.813240
4.266660 -6.994353 15.364861 -4.521031 -0.102100 -0.154443 0.555872 0.810388
4.300000 -7.157448 15.447127 -4.521256 -0.099405 -0.153586 0.561875 0.806738
4.333330 -7.276497 15.499972 -4.509345 -0.097638 -0.153814 0.565053 0.804688
4.366660 -7.407531 15.559031 -4.505932 -0.095157 -0.152786 0.569546 0.802009
4.400000 -7.530633 15.611343 -4.522956 -0.094753 -0.154256 0.572525 0.799651
4.433330 -7.688535 15.692419 -4.561350 -0.090757 -0.150987 0.577953 0.796829
4.466660 -7.803060 15.738832 -4.571792 -0.089995 -0.151371 0.582101 0.793817
4.500000 -7.954401 15.813400 -4.633149 -0.096041 -0.147995 0.587776 0.789552
4.533330 -8.063218 15.835471 -4.654422 -0.084899 -0.146729 0.591090 0.788591
4.566660 -8.204346 15.903621 -4.740954 -0.031638 -0.106897 0.612485 0.782581
4.600000 -8.315676 15.938395 -4.795424 -0.067434 -0.134695 0.602361 0.783882
4.633330 -8.452924 15.994607 -4.895294 0.016757 -0.150815 0.599588 0.785791
4.666660 -8.538121 15.995485 -4.936444 -0.077316 -0.142630 0.607901 0.777262
4.700000 -8.639088 16.002943 -4.991079 -0.074732 -0.140797 0.611834 0.774758
4.733330 -8.760820 16.030375 -5.089687 -0.073204 -0.138603 0.616195 0.771838
4.766660 -8.907490 16.071442 -5.223660 -0.071269 -0.138699 0.628308 0.762176
4.800000 -9.053241 16.116033 -5.338725 -0.071722 -0.136407 0.625177 0.765116
4.833330 -9.193190 16.145897 -5.429365 -0.069673 -0.133560 0.629708 0.762086
4.866660 -9.312676 16.160870 -5.505050 -0.066812 -0.129383 0.634138 0.759385
4.900000 -9.445900 16.181219 -5.620430 -0.065035 -0.125747 0.638735 0.756290
4.933330 -9.534565 16.174662 -5.694737 -0.062148 -0.120758 0.642731 0.753958
4.966660 -9.672905 16.202050 -5.828680 -0.058909 -0.103385 0.647648 0.752591
5.000000 -9.805484 16.229716 -5.957841 -0.060345 -0.115459 0.651678 0.747224
5.033330 -9.922771 16.240108 -6.075992 -0.057947 -0.111471 0.655515 0.744659
5.066660 -10.010462 16.233473 -6.169332 -0.055622 -0.108051 0.659098 0.742173
5.100000 -10.087065 16.220028 -6.264933 -0.054219 -0.104268 0.662635 0.739664
5.133330 -10.164746 16.226213 -6.362071 -0.051670 -0.098909 0.665859 0.737685
5.166660 -10.235209 16.218788 -6.473160 -0.052179 -0.098189 0.669325 0.734602
5.200000 -10.323969 16.212175 -6.578709 -0.051896 -0.095991 0.672879 0.731660
5.233330 -10.437537 16.228342 -6.685450 -0.051079 -0.090124 0.676930 0.728721
5.266660 -10.530052 16.212232 -6.770152 -0.051393 -0.090980 0.679989 0.725738
5.300000 -10.629844 16.188446 -6.851521 -0.051956 -0.087244 0.683581 0.722776
5.333330 -10.749283 16.174386 -6.924903 -0.051840 -0.084469 0.687223 0.719654
5.366660 -10.859634 16.155838 -6.998194 -0.052760 -0.079895 0.690783 0.716695
5.400000 -10.986519 16.147992 -7.056056 -0.053282 -0.075915 0.694343 0.713643
5.433330 -11.115621 16.124955 -7.119068 -0.054895 -0.071887 0.698077 0.710287
5.466660 -11.258662 16.117077 -7.173065 -0.056036 -0.067963 0.701755 0.706951
5.500000 -11.402084 16.103002 -7.217014 -0.057186 -0.063908 0.705284 0.703718
5.533330 -11.546902 16.085923 -7.236756 -0.057742 -0.057946 0.708639 0.700813
5.566660 -11.696232 16.076775 -7.252749 -0.059277 -0.056327 0.712305 0.697090
5.600000 -11.844995 16.064572 -7.268331 -0.060326 -0.052319 0.715735 0.693792
5.633330 -12.002331 16.052195 -7.289390 -0.062819 -0.048736 0.719104 0.690339
5.666660 -12.162666 16.032628 -7.286844 -0.064306 -0.044381 0.722508 0.686933
5.700000 -12.332272 16.003565 -7.265098 -0.066501 -0.038738 0.726074 0.683296
5.733330 -12.493685 16.004575 -7.242289 -0.067982 -0.037587 0.728956 0.680139
5.766660 -12.670748 16.007879 -7.197134 -0.039986 -0.021972 0.735874 0.675580
5.800000 -12.854056 15.988866 -7.162092 -0.069842 -0.030306 0.736116 0.672560
5.833330 -13.031171 15.982264 -7.126663 -0.072598 -0.026087 0.739290 0.668954
5.866660 -13.211226 15.977322 -7.075338 -0.074665 -0.021234 0.742121 0.665755
5.900000 -13.378405 15.973382 -7.026138 -0.077555 -0.018555 0.745529 0.661685
5.933330 -13.546926 15.963309 -6.981986 -0.079897 -0.013020 0.748366 0.658328
5.966660 -13.698637 15.959086 -6.925259 -0.082300 -0.010355 0.751086 0.654972
6.000000 -13.857771 15.939145 -6.870242 -0.086194 -0.006214 0.753719 0.651490
6.033330 -14.031165 15.964373 -6.799087 -0.081261 0.001827 0.758472 0.646617
6.066660 -14.205544 15.959542 -6.735498 -0.096402 -0.003290 0.759743 0.643029
6.100000 -14.365313 15.923043 -6.672006 -0.095045 0.004643 0.762376 0.640100
6.133330 -14.534574 15.871553 -6.613972 -0.099407 0.010473 0.765140 0.636058
6.166660 -14.696931 15.834880 -6.556723 -0.099064 0.010399 0.768070 0.632571
6.200000 -14.879747 15.803743 -6.495480 -0.102725 0.014897 0.771182 0.628096
6.233330 -15.053924 15.769241 -6.439447 -0.104629 0.016484 0.773999 0.624265
6.266660 -15.229185 15.724834 -6.384601 -0.108173 0.020688 0.776786 0.620060
6.300000 -15.380097 15.651092 -6.339075 -0.107089 0.020908 0.779652 0.616635
6.333330 -15.541273 15.584931 -6.306066 -0.109352 0.025056 0.782340 0.612665
6.366660 -15.688983 15.512670 -6.288976 -0.109663 0.026912 0.785184 0.608880
6.400000 -15.852459 15.450631 -6.269903 -0.111860 0.030521 0.787884 0.604809
6.433330 -15.996594 15.384954 -6.265891 -0.113614 0.031848 0.790504 0.600983
6.466660 -16.145693 15.319805 -6.264159 -0.115421 0.034403 0.793371 0.596705
6.500000 -16.314029 15.276145 -6.264293 -0.129851 0.109654 0.787730 0.592112
6.533330 -16.444014 15.187874 -6.291226 -0.119323 0.039682 0.798618 0.588555
6.566660 -16.600695 15.145026 -6.317115 -0.084004 0.047215 0.830588 0.548486
6.600000 -16.758344 15.095092 -6.348125 -0.137710 0.072024 0.805863 0.571344
6.633330 -16.879722 14.976968 -6.407333 -0.124619 0.045241 0.806795 0.575765
6.666660 -16.970406 14.873827 -6.501297 -0.128024 0.049796 0.808700 0.571956
6.700000 -17.071870 14.772627 -6.588406 -0.130782 0.051455 0.810691 0.568356
6.733330 -17.185324 14.691692 -6.694347 -0.144808 0.045656 0.812558 0.562757
6.766660 -17.273929 14.599677 -6.811250 -0.138378 0.054915 0.814699 0.560448
6.799990 -17.386038 14.508757 -6.922723 -0.142080 0.055318 0.816890 0.556277
6.833330 -17.490732 14.413948 -7.029505 -0.145964 0.056063 0.819057 0.551993
6.866660 -17.589628 14.315478 -7.131338 -0.150366 0.057745 0.820975 0.547773
6.899990 -17.686862 14.208156 -7.230200 -0.152917 0.059286 0.823113 0.543679
6.933330 -17.786846 14.110885 -7.333326 -0.158787 0.060979 0.824935 0.539027
6.966660 -17.885943 14.007513 -7.425549 -0.172808 0.053043 0.825932 0.534005
6.999990 -17.991303 13.913936 -7.534057 -0.163646 0.061311 0.829347 0.530702
7.033330 -18.091388 13.811208 -7.642443 -0.165961 0.062751 0.831626 0.526229
7.066660 -18.195885 13.717333 -7.750251 -0.169054 0.063783 0.833788 0.521680
7.099990 -18.292507 13.605028 -7.855625 -0.172075 0.064201 0.835963 0.517141
7.133330 -18.402212 13.495020 -7.958236 -0.174633 0.064481 0.838300 0.512444
7.166660 -18.513082 13.376645 -8.053349 -0.178189 0.065602 0.840480 0.507482
7.199990 -18.627214 13.261927 -8.147692 -0.181212 0.066621 0.842824 0.502366
7.233330 -18.740529 13.155209 -8.232545 -0.183754 0.066610 0.845101 0.497596
7.266660 -18.856162 13.039149 -8.306507 -0.186066 0.067248 0.847400 0.492717
7.299990 -18.967303 12.924421 -8.373059 -0.188621 0.067705 0.849600 0.487871
7.333330 -19.092008 12.798165 -8.438359 -0.191203 0.068417 0.851910 0.482712
7.366660 -19.212799 12.681752 -8.506492 -0.194556 0.067603 0.854225 0.477366
7.399990 -19.344540 12.554849 -8.561855 -0.196198 0.067514 0.856512 0.472583
7.433330 -19.486351 12.430562 -8.607823 -0.198314 0.067398 0.859008 0.467155
7.466660 -19.622097 12.313855 -8.639344 -0.200372 0.067367 0.861303 0.462027
7.499990 -19.743567 12.199919 -8.661379 -0.201591 0.065951 0.863639 0.457317
7.533330 -19.849719 12.074646 -8.658673 -0.204507 0.065747 0.865562 0.452390
7.566660 -19.961278 11.956681 -8.637408 -0.206624 0.065736 0.867626 0.447448
7.599990 -20.083816 11.833880 -8.613696 -0.208389 0.065302 0.869800 0.442446
7.633330 -20.217795 11.717357 -8.577769 -0.210359 0.063179 0.872279 0.436907
7.666660 -20.342406 11.589181 -8.528866 -0.211814 0.064695 0.874251 0.432013
7.699990 -20.480870 11.472003 -8.476491 -0.213140 0.063505 0.876456 0.427041
7.733330 -20.622255 11.352062 -8.413616 -0.214175 0.064011 0.878760 0.421678
7.766660 -20.751818 11.240883 -8.341176 -0.214886 0.063664 0.880965 0.416739
7.799990 -20.889429 11.122760 -8.249446 -0.216048 0.065308 0.883124 0.411279
7.833330 -21.031110 11.009356 -8.154092 -0.238265 0.072946 0.870896 0.423613
7.866660 -21.188858 10.871108 -8.066198 -0.217677 0.064125 0.887863 0.400254
7.899990 -21.345828 10.734250 -7.985021 -0.216976 0.062668 0.890420 0.395152
7.933330 -21.501731 10.589099 -7.887106 -0.217332 0.062514 0.892745 0.389699
7.966660 -21.654061 10.460467 -7.785967 -0.217219 0.060973 0.895138 0.384482
7.999990 -21.793510 10.344334 -7.683521 -0.217269 0.057597 0.897525 0.379375
8.033330 -21.924038 10.216706 -7.569491 -0.347773 -0.082621 0.847724 0.391906
8.066660 -22.069767 10.068273 -7.496673 -0.218113 0.056367 0.901654 0.369147
8.099990 -22.195812 9.932605 -7.413542 -0.216608 0.056292 0.903819 0.364724
8.133330 -22.323363 9.804156 -7.319370 -0.217341 0.056191 0.905778 0.359404
8.166660 -22.433467 9.688885 -7.251436 -0.217093 0.053524 0.907920 0.354523
8.200000 -22.551242 9.580659 -7.183060 -0.216964 0.049913 0.909880 0.350076
8.233330 -22.630562 9.437550 -7.114182 -0.216780 0.050102 0.911982 0.344653
8.266660 -22.736250 9.309342 -7.056245 -0.212464 0.050810 0.913506 0.343198
8.300000 -22.825169 9.173147 -7.014567 -0.214392 0.046850 0.916227 0.335216
8.333330 -22.924736 9.024099 -6.990124 -0.213251 0.043387 0.918543 0.330030
8.366660 -23.027308 8.887929 -6.957139 -0.212530 0.041152 0.920550 0.325155
8.400000 -23.126866 8.738301 -6.945466 -0.211590 0.038455 0.922764 0.319778
8.433330 -23.235066 8.570996 -6.939816 -0.210489 0.034970 0.925006 0.314383
8.466670 -23.338459 8.420501 -6.922391 -0.209126 0.031942 0.927167 0.309205
8.500000 -23.445151 8.271505 -6.920601 -0.207457 0.029963 0.929256 0.304215
8.533330 -23.553394 8.111679 -6.930706 -0.205777 0.027670 0.931378 0.299041
8.566670 -23.641537 7.913007 -6.957205 -0.202773 0.024302 0.933798 0.293792
8.600000 -23.736692 7.738747 -6.999909 -0.199976 0.021422 0.936084 0.288613
8.633340 -23.835643 7.549356 -7.040389 -0.198384 0.019073 0.938159 0.283086
8.666670 -23.938276 7.391726 -7.091750 -0.087113 0.018320 0.967333 0.237367
8.700000 -24.029150 7.233194 -7.157595 -0.080210 0.111595 0.962517 0.233824
8.733340 -24.080478 7.012695 -7.204326 -0.188756 0.011725 0.944481 0.268681
8.766670 -24.160635 6.840461 -7.284360 -0.268181 -0.022613 0.904573 0.330628
8.800000 -24.228025 6.643621 -7.358486 -0.182740 0.006254 0.948521 0.258601
8.833340 -24.301018 6.466914 -7.453763 -0.178519 0.007463 0.950630 0.253730
8.866670 -24.366030 6.282552 -7.516580 -0.177862 0.011392 0.951501 0.250763
8.900010 -24.424503 6.108041 -7.607097 -0.168014 0.011981 0.955735 0.241245
8.933340 -24.468645 5.928008 -7.684976 -0.168306 -0.000492 0.955946 0.240499
8.966670 -24.526244 5.762196 -7.778954 -0.070831 0.018727 0.963767 0.256486
9.000010 -24.567577 5.584129 -7.852275 -0.159924 -0.004152 0.959582 0.231537
9.033340 -24.618098 5.428443 -7.951957 -0.118372 0.034656 0.936884 0.327161
9.066670 -24.661608 5.236191 -8.006387 -0.154321 -0.002679 0.962364 0.223680
9.100010 -24.695799 5.067502 -8.101169 -0.150328 -0.007035 0.964248 0.218122
9.133340 -24.744788 4.894478 -8.186657 -0.147228 -0.007782 0.965771 0.213425
9.166680 -24.795288 4.730868 -8.266269 -0.166355 0.057074 0.964094 0.198977
9.200010 -24.853746 4.523496 -8.319032 -0.141442 -0.009283 0.968903 0.202817
9.233340 -24.900727 4.339082 -8.373985 -0.136920 -0.010363 0.970536 0.198005
9.266680 -24.953704 4.145835 -8.412891 -0.133734 -0.009248 0.971890 0.193545
9.300010 -25.004899 3.959420 -8.441124 -0.129638 -0.008988 0.973405 0.188670
9.333340 -25.064416 3.762900 -8.463285 -0.125775 -0.006890 0.974745 0.184406
9.366680 -25.120339 3.587121 -8.486069 -0.121961 -0.005006 0.975971 0.180500
9.400010 -25.190856 3.376330 -8.500889 -0.118814 -0.003210 0.977214 0.175860
9.433350 -25.242891 3.204937 -8.503283 -0.115032 -0.001299 0.978380 0.171869
9.466680 -25.300180 3.023316 -8.500071 -0.110883 -0.000435 0.979576 0.167738
9.500010 -25.356229 2.838440 -8.487246 -0.107103 0.001240 0.980756 0.163232
9.533350 -25.417030 2.655886 -8.469886 -0.103216 0.001319 0.981881 0.158914
9.566680 -25.486990 2.480024 -8.445170 -0.099373 0.001451 0.983002 0.154368
9.600010 -25.544748 2.308418 -8.396716 -0.096518 0.002137 0.984018 0.149625
9.633350 -25.607812 2.160011 -8.337321 -0.089772 0.001487 0.985105 0.146651
9.666680 -25.675767 1.951081 -8.279410 -0.085936 0.003163 0.986226 0.141292
9.700020 -25.742899 1.802943 -8.196016 -0.090581 0.043316 0.986190 0.131715
9.733350 -25.822845 1.587298 -8.125243 -0.079305 0.005908 0.988107 0.131604
9.766680 -25.876594 1.368844 -8.057665 -0.076223 0.005826 0.989155 0.125412
9.800020 -25.938971 1.200257 -7.959755 -0.072932 0.008077 0.989924 0.121107
9.833350 -25.994276 0.996789 -7.872663 -0.068424 0.008547 0.990910 0.115508
9.866680 -26.053277 0.805374 -7.773853 -0.063984 0.009229 0.991786 0.110372
9.900020 -26.115125 0.624382 -7.674177 -0.060291 0.009007 0.992517 0.105803
9.933350 -26.180134 0.453036 -7.563300 -0.059390 0.012589 0.993054 0.100789
9.966690 -26.241091 0.261300 -7.458521 -0.054880 0.012712 0.993815 0.095701
10.000000 -26.294563 0.054631 -7.353192 -0.050028 0.012483 0.994584 0.090245
10.033400 -26.363943 -0.115569 -7.235768 -0.087462 0.002247 0.995736 0.029244
10.066700 -26.409248 -0.317998 -7.136004 -0.044591 0.014837 0.995669 0.080218
10.100000 -26.465706 -0.496671 -7.026137 -0.040599 0.016096 0.996191 0.075469
10.133400 -26.507113 -0.668183 -6.913923 -0.007665 -0.012665 0.998780 0.047113
10.166700 -26.546850 -0.842509 -6.805598 -0.035308 0.019846 0.996980 0.066264
10.200000 -26.577153 -1.026713 -6.702743 -0.030208 0.021412 0.997419 0.061520
10.233400 -26.613324 -1.202735 -6.598482 -0.026279 0.025273 0.997747 0.056314
10.266700 -26.653579 -1.385637 -6.502213 -0.023500 0.026297 0.998038 0.051740
10.300000 -26.685818 -1.573442 -6.418009 -0.019979 0.028464 0.998299 0.046794
10.333400 -26.718609 -1.769098 -6.350734 -0.016377 0.031339 0.998522 0.041283
10.366700 -26.757585 -1.937080 -6.288000 -0.014090 0.032451 0.998678 0.037297
10.400000 -26.782581 -2.120252 -6.237671 -0.011915 0.034395 0.998805 0.032600
10.433400 -26.804762 -2.306914 -6.197384 -0.009607 0.036281 0.998912 0.027687
10.466700 -26.818861 -2.512393 -6.172023 -0.007231 0.036531 0.999060 0.022196
10.500000 -26.829955 -2.705195 -6.161387 -0.004897 0.039629 0.999060 0.016889
10.533400 -26.837929 -2.905583 -6.165301 -0.002929 0.040836 0.999093 0.011725
10.566700 -26.839869 -3.127190 -6.172786 -0.001032 0.041766 0.999110 0.005888
10.600000 -26.849901 -3.325865 -6.193298 -0.021823 0.041986 0.998143 0.038348
10.633400 -26.847759 -3.558086 -6.206149 0.002860 0.044250 0.999005 -0.004827
10.666700 -26.851695 -3.755870 -6.238849 0.018322 0.033331 0.999222 -0.010422
10.700000 -26.838930 -3.965095 -6.278748 0.008136 0.046797 0.998759 -0.014948
10.733400 -26.825643 -4.169282 -6.321217 0.009664 0.048668 0.998566 -0.020097
10.766700 -26.811502 -4.374103 -6.357286 0.010361 0.051122 0.998320 -0.025220
10.800000 -26.787869 -4.569728 -6.418495 0.011662 0.053060 0.998062 -0.030349
10.833400 -26.770285 -4.772671 -6.466172 0.011788 0.056746 0.997699 -0.035177
10.866700 -26.750780 -4.964136 -6.511087 0.012245 0.059717 0.997330 -0.040201
10.900000 -26.723510 -5.145246 -6.572162 0.012795 0.062283 0.996963 -0.044962
10.933400 -26.694877 -5.336229 -6.625686 0.012969 0.067344 0.996393 -0.049967
10.966700 -26.664156 -5.521297 -6.693224 0.010142 0.071647 0.995878 -0.054679
11.000000 -26.644085 -5.738540 -6.749403 0.013195 0.072968 0.995423 -0.060285
11.033400 -26.605646 -5.921200 -6.820441 0.000480 0.066541 0.995617 -0.065724
11.066700 -26.578420 -6.149600 -6.881076 0.012276 0.079648 0.994214 -0.071026
11.100000 -26.529128 -6.334657 -6.952767 0.007414 0.080725 0.994235 -0.070174
11.133400 -26.508790 -6.557813 -7.021376 0.010685 0.083985 0.993059 -0.081643
11.166700 -26.476897 -6.762007 -7.082815 0.010378 0.086864 0.992384 -0.086725
11.200000 -26.440869 -6.951337 -7.138865 0.103675 0.059010 0.992801 -0.010739
11.233400 -26.400929 -7.157636 -7.180373 0.010952 0.091240 0.991005 -0.097284
11.266700 -26.394427 -7.368010 -7.210507 0.010005 0.094286 0.990201 -0.102529
11.300000 -26.363336 -7.555979 -7.233312 0.009541 0.097201 0.989392 -0.107539
11.333400 -26.332467 -7.755494 -7.256109 0.009163 0.099820 0.988561 -0.112692
11.366700 -26.297571 -7.948729 -7.271536 0.008283 0.102241 0.987711 -0.117918
11.400000 -26.263234 -8.144306 -7.274683 0.007342 0.104523 0.986828 -0.123252
11.433400 -26.224835 -8.323148 -7.263214 0.006262 0.107209 0.985888 -0.128420
11.466700 -26.183133 -8.478355 -7.245845 0.003445 0.110541 0.985063 -0.131984
11.500000 -26.169476 -8.665834 -7.227365 0.003320 0.111208 0.984171 -0.137948
11.533400 -26.137650 -8.859800 -7.199949 0.001151 0.112738 0.983231 -0.143335
11.566700 -26.102637 -9.043012 -7.161588 -0.000403 0.114484 0.982226 -0.148744
11.600000 -26.070841 -9.203098 -7.107509 -0.023069 0.116065 0.976389 -0.180724
11.633400 -26.044303 -9.394601 -7.049037 -0.004392 0.118032 0.980173 -0.159090
11.666700 -26.008303 -9.559208 -6.984830 -0.007111 0.119554 0.979201 -0.163776
11.700000 -25.984364 -9.739338 -6.906892 -0.009060 0.121012 0.978086 -0.169178
11.733400 -25.957192 -9.899519 -6.811816 -0.010738 0.123151 0.976886 -0.174391
11.766700 -25.931971 -10.063613 -6.709518 -0.012739 0.124817 0.975765 -0.179278
11.800000 -25.906702 -10.227971 -6.597629 -0.014819 0.126522 0.974566 -0.184372
11.833400 -25.879490 -10.401368 -6.471599 -0.017650 0.129309 0.973088 -0.189913
11.866700 -25.843664 -10.580840 -6.355624 -0.020352 0.130003 0.971871 -0.195327
11.900000 -25.812474 -10.755854 -6.227994 -0.023933 0.131816 0.970458 -0.200657
11.933400 -25.780903 -10.930708 -6.105491 -0.026299 0.132021 0.969318 -0.205675
11.966700 -25.758788 -11.073211 -5.959046 -0.008023 0.109725 0.971708 -0.208997
12.000000 -25.720626 -11.253190 -5.835585 -0.031662 0.134310 0.966657 -0.215713
12.033400 -25.686396 -11.407031 -5.696339 -0.035700 0.136744 0.965082 -0.220553
12.066700 -25.651128 -11.561371 -5.574508 -0.038043 0.136761 0.963854 -0.225463
12.100000 -25.600728 -11.715246 -5.460817 -0.042406 0.138289 0.962169 -0.230888
12.133400 -25.541810 -11.877191 -5.365973 -0.043837 0.136546 0.961014 -0.236401
12.166700 -25.488634 -12.020172 -5.257140 -0.047393 0.137657 0.959358 -0.241736
12.200000 -25.432674 -12.173280 -5.159881 -0.049190 0.136598 0.958090 -0.246952
12.233400 -25.384518 -12.314981 -5.059086 -0.052416 0.137775 0.956452 -0.251932
12.266700 -25.340532 -12.472719 -4.970276 -0.054633 0.135695 0.955340 -0.256765
12.300100 -25.301299 -12.630920 -4.883920 -0.058626 0.136836 0.953571 -0.261804
12.333400 -25.260062 -12.795338 -4.803830 -0.061175 0.134631 0.952474 -0.266318
12.366700 -25.211046 -12.958228 -4.734885 -0.064709 0.133630 0.951036 -0.271083
12.400100 -25.156199 -13.107093 -4.679167 -0.068326 0.132520 0.949536 -0.275955
12.433400 -25.090435 -13.267894 -4.635182 -0.071026 0.131018 0.948140 -0.280750
12.466700 -25.024232 -13.417615 -4.602328 -0.073635 0.129694 0.946723 -0.285436
12.500100 -24.986035 -13.548903 -4.585264 -0.120969 0.167876 0.931627 -0.298755
12.533400 -24.874121 -13.697958 -4.562958 -0.078709 0.126944 0.943761 -0.294967
12.566700 -24.766540 -13.853552 -4.553190 -0.080445 0.125596 0.941954 -0.300793
12.600100 -24.678283 -14.004535 -4.547713 -0.082667 0.124287 0.940280 -0.305930
12.633400 -24.596356 -14.128817 -4.555301 0.001547 0.097629 0.942066 -0.320901
12.666700 -24.499843 -14.301666 -4.567928 -0.087709 0.122606 0.936607 -0.316294
12.700100 -24.394234 -14.478521 -4.575967 -0.089858 0.120971 0.934680 -0.321971
12.733400 -24.305041 -14.637882 -4.596808 -0.092263 0.119993 0.932816 -0.327022
12.766700 -24.205382 -14.803398 -4.630007 -0.094563 0.118709 0.930889 -0.332282
12.800100 -24.103378 -14.965830 -4.675677 -0.096843 0.117062 0.928976 -0.337522
12.833400 -24.005292 -15.120637 -4.721865 -0.098226 0.114543 0.927322 -0.342498
12.866700 -23.908883 -15.276338 -4.760688 -0.101517 0.114610 0.925209 -0.347200
12.900100 -23.783081 -15.437533 -4.813637 -0.103159 0.112864 0.922974 -0.353184
12.933400 -23.667037 -15.588472 -4.866498 -0.105270 0.111690 0.920833 -0.358483
12.966700 -23.550790 -15.742692 -4.924907 -0.107105 0.110084 0.918759 -0.363720
13.000100 -23.432582 -15.893612 -4.983976 -0.109415 0.108711 0.916544 -0.368994
13.033400 -23.311899 -16.032880 -5.053434 -0.111526 0.106830 0.914441 -0.374095
13.066700 -23.200677 -16.164333 -5.118688 -0.113588 0.104986 0.912370 -0.379020
13.100100 -23.081731 -16.291848 -5.182387 -0.115212 0.102826 0.910244 -0.384200
13.133400 -22.965504 -16.424802 -5.233923 -0.117367 0.101069 0.908066 -0.389136
13.166700 -22.853184 -16.550982 -5.278292 -0.119540 0.099355 0.905879 -0.393982
13.200100 -22.737839 -16.678816 -5.315217 -0.121571 0.097747 0.903653 -0.398846
13.233400 -22.624143 -16.809640 -5.364271 -0.123259 0.095578 0.901434 -0.403842
13.266700 -22.511947 -16.916275 -5.398897 -0.124685 0.093649 0.899440 -0.408279
13.300100 -22.396035 -17.070606 -5.453679 -0.126547 0.090480 0.897054 -0.413634
13.333400 -22.274199 -17.206269 -5.494286 -0.127507 0.087394 0.894828 -0.418793
13.366700 -22.166705 -17.315497 -5.514172 -0.128706 0.084979 0.892569 -0.423714
13.400100 -22.045055 -17.426607 -5.527230 -0.129707 0.082413 0.890402 -0.428450
13.433400 -21.930352 -17.555512 -5.531937 -0.131228 0.080014 0.887863 -0.433677
13.466700 -21.813639 -17.671770 -5.525147 -0.131837 0.077487 0.885527 -0.438699
13.500100 -21.701405 -17.784495 -5.510169 -0.132451 0.074724 0.883219 -0.443618
13.533400 -21.581430 -17.872005 -5.479526 -0.133297 0.074009 0.880738 -0.448392
13.566700 -21.472230 -17.959389 -5.440243 -0.064455 0.090507 0.875250 -0.470736
13.600100 -21.354252 -18.085756 -5.386320 -0.132390 0.067633 0.875922 -0.458977
13.633400 -21.241233 -18.178930 -5.324088 -0.144318 0.074386 0.871221 -0.463264
13.666700 -21.139434 -18.310744 -5.244317 -0.134678 0.062999 0.871050 -0.468151
13.700100 -21.036202 -18.391055 -5.160758 -0.133554 0.060900 0.868701 -0.473089
13.733400 -20.932667 -18.480188 -5.062569 -0.133344 0.059186 0.866343 -0.477668
13.766700 -20.836715 -18.572249 -4.958563 -0.133303 0.057273 0.864002 -0.482132
13.800100 -20.749939 -18.645326 -4.841882 -0.131693 0.055416 0.861907 -0.486521
13.833400 -20.664647 -18.713344 -4.721778 -0.132535 0.053937 0.859396 -0.490881
13.866700 -20.565657 -18.790590 -4.595561 -0.131640 0.052196 0.857028 -0.495429
13.900100 -20.471378 -18.873782 -4.451656 0.131364 -0.051104 -0.854373 0.500179
13.933400 -20.374555 -18.947553 -4.325099 0.129785 -0.049316 -0.852152 0.504540
13.966700 -20.263471 -19.019133 -4.210132 0.127773 -0.046788 -0.849844 0.509165
14.000100 -20.179435 -19.082867 -4.066244 0.127853 -0.047119 -0.847081 0.513699
14.033400 -20.085773 -19.144010 -3.953287 0.127265 -0.044774 -0.844857 0.517703
14.066700 -19.980672 -19.210681 -3.841356 0.126120 -0.042326 -0.842404 0.522167
14.100100 -19.859761 -19.282394 -3.697063 0.125708 -0.042200 -0.839151 0.527487
14.133400 -19.756836 -19.328761 -3.600981 0.124181 -0.039146 -0.837006 0.531477
14.166700 -19.650805 -19.382386 -3.502474 0.122189 -0.037078 -0.834556 0.535921
14.200100 -19.570062 -19.410457 -3.387186 0.140074 -0.090102 -0.807171 0.566335
14.233400 -19.426825 -19.497152 -3.289604 0.118356 -0.035242 -0.829161 0.545199
14.266700 -19.304935 -19.551486 -3.208273 0.116207 -0.032869 -0.826580 0.549711
14.300100 -19.148544 -19.636548 -3.127224 0.113678 -0.029949 -0.823561 0.554912
14.333400 -19.044347 -19.662036 -3.044731 0.121669 -0.039247 -0.816255 0.563368
14.366700 -18.884754 -19.742818 -2.970554 0.108511 -0.027409 -0.817963 0.564280
14.400100 -18.745422 -19.804767 -2.911377 0.106112 -0.025579 -0.815284 0.568680
14.433400 -18.611202 -19.864801 -2.871528 0.103378 -0.022836 -0.812568 0.573170
14.466700 -18.473656 -19.943552 -2.844163 0.101040 -0.020178 -0.809833 0.577542
14.500100 -18.344398 -20.020623 -2.833125 0.098355 -0.018969 -0.807010 0.581981
14.533400 -18.239749 -20.043148 -2.842682 0.097428 -0.019402 -0.804609 0.585437
14.566700 -18.075211 -20.140856 -2.847401 0.093496 -0.013908 -0.801792 0.590080
14.600100 -17.934121 -20.198824 -2.866752 0.090636 -0.011765 -0.799111 0.594196
14.633400 -17.755410 -20.283502 -2.880169 0.087172 -0.009679 -0.795866 0.599086
14.666700 -17.569691 -20.368821 -2.898060 0.083385 -0.008142 -0.792332 0.604311
14.700100 -17.410402 -20.425550 -2.938727 0.080334 -0.006876 -0.789429 0.608524
14.733400 -17.227915 -20.490604 -2.979078 0.076690 -0.005504 -0.786178 0.613199
14.766800 -17.056650 -20.544066 -3.039553 0.072933 -0.004153 -0.782912 0.617829
14.800100 -16.916061 -20.569606 -3.114556 0.069513 -0.003496 -0.780092 0.621782
14.833400 -16.737874 -20.621620 -3.194778 0.066212 -0.002668 -0.777003 0.626000
14.866800 -16.578094 -20.651125 -3.292742 0.062991 -0.001160 -0.773819 0.630266
14.900100 -16.421110 -20.663751 -3.392976 0.059094 -0.001094 -0.771050 0.634025
14.933400 -16.210728 -20.730547 -3.443111 0.055352 -0.000821 -0.767178 0.639040
14.966800 -16.025442 -20.775043 -3.512980 0.049845 0.001039 -0.763655 0.643697
15.000100 -15.886800 -20.774005 -3.611110 0.055001 -0.016021 -0.759670 0.647780
15.033400 -15.736362 -20.802084 -3.711913 0.042735 0.001825 -0.757832 0.651046
15.066800 -15.547322 -20.856112 -3.750005 0.039165 -0.001106 -0.754421 0.655221
15.100100 -15.403554 -20.855889 -3.846323 -0.053298 0.145301 -0.840424 0.519359
15.133400 -15.228936 -20.867403 -3.918412 0.021046 0.005981 -0.749223 0.661956
15.166800 -15.080407 -20.873266 -4.015939 0.028621 -0.000445 -0.746911 0.664308
15.200100 -14.906583 -20.917800 -4.066496 0.025287 -0.003607 -0.741567 0.670393
15.233400 -14.743791 -20.949114 -4.121299 0.020237 -0.002287 -0.737923 0.674577
15.266800 -14.598848 -20.969387 -4.174077 0.017725 -0.005606 -0.735175 0.677622
15.300100 -14.453686 -20.991986 -4.235152 0.013715 -0.005274 -0.731825 0.681334
15.333400 -14.294376 -21.018519 -4.264596 0.011744 -0.009570 -0.728860 0.684495
15.366800 -14.130802 -21.046086 -4.271131 0.009324 -0.013291 -0.725659 0.687863
15.400100 -13.992905 -21.043276 -4.312419 0.003366 -0.012141 -0.722075 0.691700
15.433400 -13.847376 -21.047520 -4.326432 0.000928 -0.014889 -0.719031 0.694818
15.466800 -13.701200 -21.057402 -4.328580 -0.000997 -0.017505 -0.716003 0.697877
15.500100 -13.580877 -21.060067 -4.335190 -0.007902 -0.016884 -0.712470 0.701455
15.533400 -13.460826 -21.055040 -4.324815 -0.009451 -0.020088 -0.709762 0.704092
15.566800 -13.364104 -21.049203 -4.322871 0.018680 -0.045287 -0.700942 0.711534
15.600100 -13.286971 -21.027914 -4.325383 0.020456 -0.036586 -0.744820 0.665947
15.633400 -13.160612 -21.031902 -4.238858 -0.017538 -0.026962 -0.701844 0.711604
15.666800 -13.028218 -21.022315 -4.149902 -0.019891 -0.031401 -0.698749 0.714401
15.700100 -12.898300 -21.003833 -4.070115 -0.022260 -0.034886 -0.695541 0.717293
15.733400 -12.769037 -20.971430 -3.976782 -0.027665 -0.036844 -0.691738 0.720677
15.766800 -12.679079 -20.924706 -3.945499 -0.150813 -0.047190 -0.767031 0.621845
15.800100 -12.544260 -20.873599 -3.892211 -0.026998 -0.044552 -0.687172 0.724624
15.833400 -12.372362 -20.845434 -3.742319 -0.036320 -0.044452 -0.681568 0.729500
15.866800 -12.203359 -20.823310 -3.601227 -0.036393 -0.049675 -0.677099 0.733311
15.900100 -12.028970 -20.785475 -3.431465 -0.040371 -0.054578 -0.672288 0.737171
15.933400 -11.890546 -20.734907 -3.299677 -0.042170 -0.058618 -0.668535 0.740166
15.966800 -11.766945 -20.685284 -3.179691 -0.044207 -0.062210 -0.664989 0.742943
16.000100 -11.664859 -20.619466 -3.079194 -0.049809 -0.054661 -0.662898 0.745048
16.033400 -11.504571 -20.584967 -2.943300 -0.048130 -0.068472 -0.657432 0.748851
16.066800 -11.339888 -20.530455 -2.818874 -0.050178 -0.071732 -0.652982 0.752298
16.100100 -11.228383 -20.448169 -2.720040 -0.052397 -0.074560 -0.649615 0.754782
16.133400 -11.096158 -20.401129 -2.622790 -0.064655 -0.075112 -0.645008 0.757722
16.166800 -10.910381 -20.361711 -2.505590 -0.056658 -0.082946 -0.640272 0.761552
16.200100 -10.691837 -20.323441 -2.391330 -0.057763 -0.085142 -0.634943 0.765677
16.233400 -10.511588 -20.270065 -2.296356 -0.059200 -0.087326 -0.630328 0.769127
16.266800 -10.311846 -20.228172 -2.199359 -0.060655 -0.089364 -0.625325 0.772854
16.300100 -10.133262 -20.159192 -2.126600 -0.060429 -0.092620 -0.620379 0.776466
16.333400 -9.936049 -20.114893 -2.038890 -0.063793 -0.094493 -0.615400 0.779926
16.366800 -9.767668 -20.052887 -1.982908 -0.065309 -0.097370 -0.610590 0.783220
16.400100 -9.618255 -19.981085 -1.947458 -0.066287 -0.099949 -0.606236 0.786190
16.433400 -9.467895 -19.907152 -1.920761 -0.069077 -0.098035 -0.603706 0.788135
16.466800 -9.313224 -19.833869 -1.894670 -0.068564 -0.105278 -0.597276 0.792134
16.500100 -9.145599 -19.768911 -1.876731 -0.069303 -0.107671 -0.592617 0.795242
16.533400 -8.980955 -19.698682 -1.864710 -0.069983 -0.110269 -0.588009 0.798241
16.566800 -8.820521 -19.628800 -1.861459 -0.070113 -0.112782 -0.583552 0.801144
16.600100 -8.657093 -19.558657 -1.871384 -0.070487 -0.115335 -0.578994 0.804049
16.633400 -8.504315 -19.488900 -1.895661 -0.070385 -0.118023 -0.574490 0.806894
16.666800 -8.357239 -19.420282 -1.936534 -0.070779 -0.120281 -0.570176 0.809582
16.700100 -8.215867 -19.342495 -1.994898 -0.069988 -0.122856 -0.565919 0.812246
16.733400 -8.066435 -19.267645 -2.045699 -0.070113 -0.125146 -0.561400 0.815017
16.766800 -7.914854 -19.191591 -2.117169 -0.069855 -0.127197 -0.556892 0.817809
16.800100 -7.760700 -19.114185 -2.193275 -0.071365 -0.128106 -0.552170 0.820734
16.833400 -7.626913 -19.033485 -2.273410 -0.069442 -0.131083 -0.548154 0.823117
16.866800 -7.474530 -18.958271 -2.347916 -0.068896 -0.133431 -0.543554 0.825832
16.900100 -7.309316 -18.875109 -2.436665 -0.069547 -0.134616 -0.538653 0.828791
16.933400 -7.157980 -18.783545 -2.510457 -0.068061 -0.137377 -0.534007 0.831464
16.966800 -7.003367 -18.701659 -2.588861 -0.067161 -0.139640 -0.529273 0.834182
17.000100 -6.852103 -18.632153 -2.686043 -0.066362 -0.140696 -0.524785 0.836900
17.033400 -6.724160 -18.534438 -2.770524 -0.062073 -0.146571 -0.521072 0.838539
17.066700 -6.586985 -18.441752 -2.863636 -0.066221 -0.144172 -0.515979 0.841781
17.100100 -6.446445 -18.361136 -2.967967 -0.064924 -0.144118 -0.511534 0.844599
17.133400 -6.292940 -18.273247 -3.047607 -0.063100 -0.147193 -0.506394 0.847300
17.166700 -6.120483 -18.184483 -3.116277 -0.061635 -0.149408 -0.501132 0.850144
17.200100 -5.957039 -18.093336 -3.180421 -0.060054 -0.150992 -0.495774 0.853114
17.233400 -5.796510 -17.989242 -3.236645 -0.058891 -0.153016 -0.490863 0.855670
17.266700 -5.646106 -17.877029 -3.293194 -0.057045 -0.154833 -0.485863 0.858318
17.300100 -5.501502 -17.776912 -3.351246 0.065241 -0.205889 -0.447242 0.867944
17.333400 -5.365400 -17.679431 -3.403142 -0.000043 -0.340894 -0.377345 0.861047
17.366700 -5.252525 -17.563458 -3.443445 -0.049162 -0.159076 -0.471796 0.865844
17.400100 -5.125157 -17.433992 -3.472828 -0.048743 -0.158972 -0.467027 0.868468
17.433400 -4.994473 -17.312513 -3.502277 -0.048410 -0.158418 -0.462303 0.871112
17.466700 -4.856690 -17.175128 -3.534952 -0.045626 -0.158652 -0.457091 0.873965
17.500100 -4.707352 -17.040132 -3.540753 -0.045779 -0.158402 -0.451981 0.876656
17.533400 -4.591997 -16.909083 -3.529577 -0.043087 -0.159920 -0.447605 0.878760
17.566700 -4.485493 -16.772423 -3.502087 -0.042537 -0.159212 -0.442664 0.881414
17.600100 -4.371033 -16.642398 -3.457544 -0.040867 -0.159714 -0.437791 0.883833
17.633400 -4.273176 -16.495042 -3.400133 -0.039088 -0.159226 -0.433463 0.886131
17.666700 -4.144731 -16.387932 -3.344644 -0.036434 -0.159281 -0.428499 0.888645
17.700100 -4.018704 -16.257904 -3.289800 -0.034143 -0.158453 -0.423617 0.891222
17.733400 -3.904782 -16.120389 -3.211133 -0.032097 -0.158896 -0.418542 0.893613
17.766700 -3.802900 -15.977894 -3.123865 -0.029963 -0.158362 -0.413968 0.895910
17.800100 -3.685097 -15.830674 -3.039590 -0.027724 -0.157597 -0.408939 0.898423
17.833400 -3.582838 -15.680970 -2.945032 -0.032314 -0.149844 -0.404142 0.901760
17.866700 -3.459974 -15.525628 -2.842692 -0.022511 -0.156778 -0.398692 0.903304
17.900100 -3.349100 -15.359601 -2.739079 -0.020151 -0.156291 -0.393359 0.905779
17.933400 -3.223004 -15.183238 -2.638027 -0.016687 -0.156873 -0.387202 0.908398
17.966700 -3.156798 -14.981621 -2.525739 0.018976 -0.107023 -0.421054 0.900499
18.000100 -3.008013 -14.818955 -2.449835 -0.012757 -0.151706 -0.377150 0.913554
18.033400 -2.915596 -14.641205 -2.340860 -0.041868 -0.134349 -0.316864 0.937973
18.066700 -2.793360 -14.482468 -2.257760 -0.009729 -0.148912 -0.366986 0.918179
18.100100 -2.675104 -14.333642 -2.159354 -0.008385 -0.147995 -0.362240 0.920223
18.133400 -2.621999 -14.149652 -2.052332 0.035419 -0.178339 -0.362560 0.914052
18.166700 -2.554271 -13.972980 -1.945233 0.075725 -0.175439 -0.331429 0.923927
18.200100 -2.428646 -13.858228 -1.870918 -0.002544 -0.141977 -0.348573 0.926463
18.233400 -2.348969 -13.681923 -1.771536 -0.083055 -0.116314 -0.335863 0.931004
18.266700 -2.228891 -13.535078 -1.692406 0.000714 -0.138659 -0.338759 0.930600
18.300100 -2.148447 -13.357575 -1.595744 -0.013326 -0.122494 -0.334802 0.934198
18.333400 -2.011016 -13.215415 -1.542685 0.005374 -0.132790 -0.328842 0.934987
18.366700 -1.885252 -13.059967 -1.499820 0.007011 -0.127542 -0.324406 0.937254
18.400100 -1.789464 -12.873072 -1.438703 -0.011630 -0.120579 -0.322587 0.938756
18.433400 -1.647186 -12.710328 -1.428012 0.011560 -0.120904 -0.313818 0.941683
18.466700 -1.526005 -12.529862 -1.413384 0.013937 -0.116993 -0.308542 0.943886
18.500100 -1.420569 -12.334681 -1.398768 0.015414 -0.113572 -0.303360 0.945958
18.533400 -1.303227 -12.167405 -1.426644 0.016351 -0.109012 -0.298578 0.947998
18.566700 -1.195661 -11.993260 -1.446276 0.017425 -0.105246 -0.293724 0.949919
18.600100 -1.092208 -11.832052 -1.480751 0.020242 -0.101430 -0.289111 0.951692
18.633400 -0.999653 -11.655369 -1.518208 -0.017702 -0.068618 -0.281558 0.956924
18.666700 -0.899006 -11.515601 -1.601920 0.022390 -0.093244 -0.280233 0.955130
18.700100 -0.802996 -11.352089 -1.673866 0.034932 -0.054700 -0.284372 0.956515
18.733400 -0.700198 -11.194432 -1.753902 0.010585 -0.073246 -0.278108 0.957695
18.766700 -0.617621 -11.055815 -1.871165 0.023283 -0.079365 -0.267570 0.959982
18.800100 -0.523499 -10.905177 -1.980305 0.025599 -0.075540 -0.263492 0.961359
18.833400 -0.431982 -10.749420 -2.095921 0.024771 -0.071354 -0.259357 0.962824
18.866700 -0.334882 -10.585945 -2.201737 0.023548 -0.066574 -0.254577 0.964471
18.900100 -0.257133 -10.406552 -2.306959 0.118815 0.066272 -0.382833 0.913745
18.933400 -0.192487 -10.227717 -2.417037 0.031261 -0.061131 -0.245513 0.966959
18.966700 -0.053811 -10.062930 -2.508359 0.024741 -0.054843 -0.240774 0.968715
19.000100 0.036764 -9.888895 -2.599961 0.025490 -0.052273 -0.235628 0.970102
19.033400 0.130158 -9.714436 -2.696156 0.027166 -0.049569 -0.230540 0.971420
19.066700 0.215727 -9.546523 -2.812444 0.026295 -0.045607 -0.225902 0.972727
19.100100 0.313953 -9.381680 -2.931640 0.025849 -0.041609 -0.221248 0.973987
19.133400 0.403020 -9.208599 -3.036491 0.025497 -0.038542 -0.216499 0.975188
19.166700 0.484098 -9.031058 -3.127145 0.025206 -0.035320 -0.211676 0.976376
19.200100 0.577214 -8.865185 -3.214042 0.025079 -0.031631 -0.207266 0.977452
19.233400 0.637643 -8.690419 -3.286833 0.024645 -0.030046 -0.202270 0.978558
19.266700 0.727470 -8.523329 -3.363001 0.139427 0.051097 -0.265717 0.952546
19.300000 0.805844 -8.344557 -3.428363 0.233124 -0.102659 -0.318224 0.913153
19.333400 0.869829 -8.156362 -3.466306 0.023707 -0.019673 -0.187389 0.981803
19.366700 0.927727 -7.930509 -3.503499 0.023596 -0.016958 -0.181321 0.982995
19.400000 0.991265 -7.718463 -3.540035 0.022715 -0.013772 -0.176437 0.983953
19.433400 1.048637 -7.517647 -3.578426 0.022807 -0.009963 -0.171296 0.984905
19.466700 1.107385 -7.316208 -3.606955 0.023046 -0.006661 -0.166093 0.985818
19.500000 1.168502 -7.116369 -3.628475 0.021130 -0.003174 -0.161193 0.986692
19.533400 1.218112 -6.929989 -3.641849 0.019828 0.000099 -0.156525 0.987475
19.566700 1.264362 -6.751710 -3.645597 0.018256 0.003292 -0.152033 0.988201
19.600000 1.301119 -6.570763 -3.640190 0.015845 0.006521 -0.147427 0.988925
19.633400 1.335894 -6.381122 -3.628342 0.015231 0.009711 -0.142885 0.989574
19.666700 1.387685 -6.180702 -3.595114 0.012628 0.012688 -0.137593 0.990327
19.700000 1.425993 -5.983801 -3.560229 0.076035 -0.019263 -0.056421 0.995321
19.733400 1.462176 -5.786467 -3.508439 0.008806 0.017870 -0.127549 0.991632
19.766700 1.508401 -5.578913 -3.443660 0.006964 0.020916 -0.122415 0.992234
19.800000 1.532263 -5.383686 -3.382480 0.009939 0.060397 -0.191304 0.979620
19.833400 1.581228 -5.181248 -3.295070 0.002910 0.025896 -0.112416 0.993320
19.866700 1.617156 -4.985068 -3.208248 0.001470 0.028347 -0.107504 0.993799
19.900000 1.651533 -4.799835 -3.122290 0.000016 0.030270 -0.103341 0.994185
19.933400 1.679152 -4.595292 -3.026220 -0.001836 0.033242 -0.097688 0.994660
19.966700 1.707819 -4.408974 -2.939322 0.026137 0.047120 -0.093138 0.994194
