0.366667 -0.086337 2.094567 0.809030 0.044286 0.032767 0.050577 0.997200
0.400000 -0.103869 2.303243 0.846396 0.043342 0.036022 0.055678 0.996857
0.433333 -0.122794 2.511549 0.873255 0.041730 0.039338 0.060859 0.996498
0.466667 -0.143711 2.719525 0.889487 0.041269 0.042774 0.065862 0.996057
0.500000 -0.158844 2.927620 0.894491 0.039918 0.048886 0.071017 0.995476
0.533333 -0.182988 3.135179 0.888642 0.038376 0.051633 0.075993 0.995031
0.566667 -0.204210 3.343750 0.872474 0.036945 0.056427 0.080958 0.994433
0.600000 -0.229946 3.550765 0.845350 0.035880 0.059828 0.085896 0.993859
0.633333 -0.257578 3.757455 0.807898 0.034522 0.063363 0.091472 0.993190
0.666667 -0.287223 3.964067 0.762070 0.033736 0.066152 0.096536 0.992556
0.700000 -0.318556 4.170521 0.705469 0.031362 0.068742 0.101576 0.991954
0.733334 -0.351988 4.375783 0.639685 0.028990 0.071168 0.106687 0.991319
0.766667 -0.386932 4.580734 0.565694 0.026844 0.073569 0.111552 0.990668
0.800000 -0.423024 4.785117 0.484377 0.025231 0.076229 0.117096 0.989869
0.833334 -0.460613 4.988873 0.396647 0.024034 0.078728 0.122212 0.989085
0.866667 -0.499870 5.192192 0.303271 0.022234 0.080869 0.127434 0.988295
0.900000 -0.540987 5.394722 0.205255 0.019344 0.082693 0.132524 0.987535
0.933334 -0.583711 5.596764 0.103836 0.018675 0.084751 0.137802 0.986650
0.966667 -0.627841 5.797829 0.000067 0.016362 0.086421 0.143146 0.985785
1.000000 -0.674461 5.995875 -0.106131 0.014733 0.088140 0.148599 0.984852
1.033330 -0.721596 6.195647 -0.213437 0.011734 0.089500 0.153791 0.983972
1.066670 -0.770606 6.394754 -0.320639 0.009977 0.091244 0.158995 0.983003
1.100000 -0.820681 6.593468 -0.422394 0.006908 0.092338 0.163863 0.982128
1.133330 -0.872911 6.791441 -0.521484 0.005039 0.093647 0.169303 0.981092
1.166670 -0.926581 6.988788 -0.616743 0.002869 0.094657 0.174464 0.980099
1.200000 -0.981516 7.185358 -0.705273 0.000225 0.095621 0.179497 0.979100
1.233330 -1.038412 7.381101 -0.787453 -0.002494 0.096428 0.184904 0.978011
1.266670 -1.096846 7.576281 -0.862529 -0.004624 0.097162 0.190169 0.976921
1.300000 -1.156105 7.770824 -0.929371 -0.006747 0.097725 0.195094 0.975880
1.333330 -1.217277 7.964535 -0.987379 -0.009080 0.098094 0.200571 0.974713
1.366670 -1.279905 8.157498 -1.035831 -0.011213 0.098516 0.205792 0.973560
1.400000 -1.344084 8.350920 -1.067249 -0.012216 0.098876 0.211061 0.972382
1.433330 -1.409361 8.543098 -1.090214 -0.013805 0.098779 0.216237 0.971233
1.466670 -1.476354 8.732948 -1.106691 -0.016666 0.098484 0.221608 0.970007
1.500000 -1.543581 8.916642 -1.108551 -0.018002 0.098612 0.226752 0.968780
1.533330 -1.613019 9.102058 -1.100926 -0.020690 0.098300 0.232055 0.967502
1.566670 -1.684321 9.289340 -1.084248 -0.023012 0.097795 0.237030 0.966294
1.600000 -1.757071 9.475636 -1.057161 -0.024984 0.097289 0.242309 0.964985
1.633330 -1.831351 9.661056 -1.019864 -0.027889 0.096359 0.247478 0.963687
1.666670 -1.906352 9.845055 -0.972243 -0.029149 0.095780 0.252671 0.962359
1.700000 -1.983569 10.027323 -0.915050 -0.031470 0.094698 0.257884 0.961009
1.733330 -2.062312 10.208424 -0.848478 -0.033284 0.093639 0.263041 0.959653
1.766670 -2.142822 10.387022 -0.771156 -0.034998 0.092297 0.268199 0.958293
1.800000 -2.223848 10.566035 -0.689956 -0.037283 0.090930 0.273369 0.956876
1.833330 -2.306255 10.743701 -0.602180 -0.039436 0.089331 0.278574 0.955438
1.866670 -2.390097 10.920196 -0.508917 -0.041663 0.087683 0.283425 0.954068
1.900000 -2.475433 11.095121 -0.411276 -0.042251 0.086322 0.288949 0.952508
1.933330 -2.562252 11.268319 -0.310017 -0.043939 0.084543 0.294100 0.951014
1.966670 -2.650457 11.440194 -0.206287 -0.045635 0.082638 0.299065 0.949552
2.000000 -2.740297 11.610995 -0.101905 -0.047333 0.080617 0.303974 0.948083
2.033330 -2.830985 11.780757 0.002454 -0.048848 0.078384 0.309046 0.946552
2.066670 -2.923328 11.949122 0.105830 -0.050119 0.076286 0.314135 0.944980
2.100000 -3.016814 12.116048 0.207004 -0.051244 0.073997 0.319111 0.943434
2.133330 -3.111420 12.281718 0.304902 -0.052172 0.071837 0.324313 0.941774
2.166670 -3.207602 12.446061 0.398418 -0.053168 0.069320 0.329341 0.940161
2.200000 -3.304871 12.608878 0.486661 -0.053822 0.067114 0.334389 0.938500
2.233330 -3.403624 12.770007 0.568530 -0.054773 0.064352 0.339513 0.936798
2.266670 -3.503347 12.929988 0.642729 -0.055814 0.061672 0.344230 0.935194
2.300000 -3.604177 13.088701 0.708629 -0.056408 0.058809 0.349149 0.933517
2.333330 -3.706186 13.229543 0.779205 -0.056003 0.055697 0.354444 0.931736
2.366670 -3.808871 13.382854 0.830143 -0.057523 0.052222 0.359121 0.930051
2.400000 -3.914257 13.536482 0.868110 -0.058174 0.049312 0.364032 0.928259
2.433330 -4.020148 13.689031 0.895568 -0.058244 0.046248 0.368928 0.926478
2.466670 -4.129294 13.839773 0.914471 -0.058009 0.043180 0.373882 0.924653
2.500000 -4.238792 13.991679 0.927799 -0.058059 0.039595 0.378834 0.922793
2.533330 -4.348489 14.140284 0.923126 -0.058672 0.036473 0.383363 0.921010
2.566670 -4.459653 14.287435 0.907507 -0.058161 0.033158 0.388287 0.919103
2.600000 -4.572009 14.432892 0.881299 -0.058443 0.029678 0.392951 0.917220
2.633330 -4.685653 14.576696 0.844768 -0.057755 0.026641 0.397796 0.915267
2.666670 -4.800600 14.718699 0.798224 -0.057417 0.023291 0.402570 0.913290
2.700000 -4.916722 14.859246 0.742337 -0.057295 0.019836 0.407212 0.911319
2.733330 -5.036778 15.000484 0.677513 -0.056449 0.016534 0.412010 0.909279
2.766670 -5.154830 15.138101 0.604371 -0.056557 0.012872 0.416389 0.907335
2.800000 -5.274449 15.274771 0.523638 -0.054978 0.009700 0.421225 0.905237
2.833330 -5.397558 15.412196 0.436871 -0.054516 0.005821 0.425764 0.903172
2.866670 -5.519647 15.545690 0.344990 -0.053388 0.002313 0.430584 0.900967
2.900000 -5.642597 15.678338 0.247562 -0.052683 -0.001092 0.435283 0.898750
2.933330 -5.767056 15.808497 0.147511 -0.051370 -0.004570 0.439806 0.896611
2.966670 -5.891343 15.936922 0.044733 -0.049878 -0.007611 0.444435 0.894389
3.000000 -6.017482 16.063802 -0.059859 -0.048500 -0.011137 0.448981 0.892155
3.033330 -6.143726 16.188350 -0.164959 -0.047911 -0.014770 0.453623 0.889782
3.066670 -6.272302 16.312027 -0.268534 -0.046554 -0.018774 0.458110 0.887477
3.100000 -6.400905 16.433394 -0.369237 -0.044946 -0.021604 0.462651 0.885137
3.133330 -6.530914 16.552754 -0.466555 -0.043699 -0.025159 0.467020 0.882808
3.166670 -6.659546 16.668165 -0.560691 -0.040781 -0.027746 0.471461 0.880506
3.200000 -6.790664 16.783298 -0.648376 -0.039651 -0.031241 0.475951 0.878022
3.233330 -6.922629 16.897450 -0.728971 -0.037023 -0.033834 0.480626 0.875490
3.266660 -7.056455 17.008758 -0.802170 -0.036353 -0.037655 0.484924 0.872989
3.300000 -7.190916 17.118515 -0.867227 -0.033723 -0.039987 0.489234 0.870582
3.333330 -7.325969 17.226277 -0.923274 -0.030860 -0.042784 0.493746 0.868005
3.366660 -7.461890 17.331736 -0.970101 -0.028791 -0.045327 0.497913 0.865563
3.400000 -7.598868 17.434485 -1.007338 -0.026535 -0.048209 0.502521 0.862812
3.433330 -7.736744 17.536111 -1.033805 -0.024750 -0.051082 0.506857 0.860159
3.466660 -7.871752 17.632973 -1.052224 -0.021974 -0.053379 0.511289 0.857468
3.500000 -8.010827 17.730433 -1.056955 -0.020140 -0.055986 0.515467 0.854841
3.533330 -8.150238 17.825794 -1.051810 -0.017933 -0.058683 0.520035 0.851938
3.566660 -8.290574 17.919434 -1.034915 -0.016068 -0.061140 0.524226 0.849229
3.600000 -8.431843 18.010707 -1.007435 -0.013238 -0.063318 0.528452 0.846495
3.633330 -8.572983 18.099176 -0.969859 -0.009765 -0.064788 0.532641 0.843801
3.666660 -8.715337 18.186486 -0.921989 -0.007982 -0.067039 0.536964 0.840899
3.700000 -8.858669 18.271752 -0.864893 -0.005497 -0.069023 0.541165 0.838061
3.733330 -9.003497 18.354332 -0.798998 -0.003429 -0.071584 0.545461 0.835066
3.766660 -9.147165 18.434814 -0.726582 -0.000243 -0.072917 0.549769 0.832128
3.800000 -9.292117 18.514272 -0.645347 0.001824 -0.074743 0.554028 0.829134
3.833330 -9.437064 18.591318 -0.558508 0.004871 -0.076024 0.558342 0.826106
3.866660 -9.581330 18.666316 -0.465709 0.007142 -0.077488 0.562440 0.823168
3.900000 -9.727002 18.740127 -0.367977 0.009200 -0.079065 0.566596 0.820142
3.933330 -9.873535 18.812771 -0.267075 0.012111 -0.079949 0.570713 0.817159
3.966660 -10.021067 18.882822 -0.163460 0.014902 -0.081108 0.574967 0.814010
4.000000 -10.169249 18.950664 -0.059128 0.017388 -0.082297 0.579189 0.810842
4.033330 -10.317940 19.016655 0.045592 0.020745 -0.082589 0.583253 0.807815
4.066660 -10.466591 19.081532 0.149155 0.023595 -0.083421 0.587698 0.804423
4.100000 -10.616311 19.142963 0.250491 0.026486 -0.083964 0.591465 0.801510
4.133330 -10.764957 19.202792 0.348285 0.028438 -0.084628 0.595785 0.798166
4.166660 -10.915108 19.262090 0.441632 0.031583 -0.084510 0.600155 0.794780
4.200000 -11.066091 19.318369 0.529513 0.033691 -0.085342 0.604304 0.791453
4.233330 -11.218395 19.371486 0.610881 0.035691 -0.086021 0.608329 0.788202
4.266660 -11.370532 19.423363 0.684847 0.038626 -0.085384 0.612426 0.784954
4.300000 -11.522675 19.473728 0.750845 0.041281 -0.085305 0.616521 0.781614
4.333330 -11.675373 19.521273 0.808069 0.044095 -0.084907 0.620500 0.778349
4.366660 -11.828210 19.566217 0.855661 0.046538 -0.084789 0.624784 0.774784
4.400000 -11.980915 19.604589 0.893630 0.049372 -0.083900 0.628912 0.771358
4.433330 -12.131019 19.644636 0.923435 0.051551 -0.083059 0.632911 0.768028
4.466660 -12.284379 19.683676 0.940610 0.053689 -0.082443 0.636893 0.764649
4.500000 -12.437819 19.721254 0.946965 0.055094 -0.082073 0.641188 0.760991
4.533330 -12.592017 19.755555 0.942282 0.057839 -0.081127 0.645103 0.757572
4.566660 -12.746424 19.788030 0.926527 0.059905 -0.080000 0.649105 0.754105
4.600000 -12.901313 19.817933 0.900114 0.061753 -0.078993 0.653002 0.750689
4.633330 -13.053110 19.839738 0.864251 0.063650 -0.077784 0.656802 0.747335
4.666660 -13.207803 19.865895 0.817442 0.064900 -0.076767 0.660998 0.743623
4.700000 -13.362898 19.889281 0.761053 0.067311 -0.074976 0.664834 0.740165
4.733330 -13.511268 19.909959 0.697784 0.068205 -0.073853 0.668749 0.736661
4.766660 -13.666206 19.929722 0.624321 0.070405 -0.071503 0.672946 0.732853
4.800000 -13.821756 19.946150 0.543569 0.072010 -0.069731 0.676784 0.729326
4.833330 -13.977293 19.960413 0.456519 0.073016 -0.068553 0.680698 0.725686
4.866660 -14.133087 19.972289 0.363900 0.073701 -0.067044 0.684546 0.722129
4.900000 -14.288864 19.982736 0.266634 0.074930 -0.064931 0.688499 0.718428
4.933330 -14.444785 19.990960 0.166033 0.076182 -0.062901 0.692383 0.714734
4.966660 -14.601870 19.993262 0.062833 0.077670 -0.060402 0.696177 0.711096
5.000000 -14.757923 19.995447 -0.041464 0.078192 -0.058546 0.700079 0.707353
5.033330 -14.913691 19.994185 -0.145821 0.078989 -0.056258 0.703951 0.703597
5.066660 -15.069727 19.993206 -0.248386 0.079990 -0.053863 0.707590 0.700012
5.100000 -15.223785 19.987102 -0.344408 0.081125 -0.051007 0.711416 0.696207
5.133330 -15.380383 19.979594 -0.441117 0.081382 -0.048432 0.715241 0.692432
5.166660 -15.536453 19.971820 -0.533325 0.081505 -0.046146 0.719037 0.688631
5.200000 -15.692716 19.960866 -0.620083 0.081877 -0.043627 0.722717 0.684889
5.233330 -15.848501 19.948338 -0.700255 0.081714 -0.041157 0.726483 0.681066
5.266660 -16.004749 19.932334 -0.773319 0.081215 -0.039100 0.730196 0.677266
5.300000 -16.160629 19.914790 -0.837147 0.081767 -0.036075 0.733758 0.673508
5.333330 -16.315983 19.893332 -0.892807 0.081429 -0.033318 0.737516 0.669574
5.366660 -16.471489 19.869834 -0.938863 0.080113 -0.031485 0.741314 0.665616
5.400000 -16.629369 19.844411 -0.971538 0.080502 -0.028249 0.744690 0.661935
5.433330 -16.783536 19.818654 -0.997283 0.080210 -0.024958 0.748287 0.658035
5.466660 -16.936931 19.791391 -1.012570 0.079361 -0.022190 0.751759 0.654269
5.500000 -17.093936 19.757892 -1.016276 0.078675 -0.019461 0.755328 0.650316
5.533330 -17.258187 19.720671 -1.008964 0.077360 -0.017110 0.759057 0.646185
5.566660 -17.415522 19.685247 -0.990491 0.076475 -0.014168 0.762478 0.642322
5.600000 -17.569533 19.648157 -0.962258 0.075875 -0.010924 0.765878 0.638400
5.633330 -17.723073 19.608198 -0.923521 0.074484 -0.008275 0.769350 0.634417
5.666660 -17.876892 19.564662 -0.875826 0.073034 -0.005851 0.772777 0.630435
5.700000 -18.032151 19.520289 -0.818195 0.071261 -0.003020 0.776191 0.626450
5.733330 -18.188169 19.474246 -0.751956 0.069917 -0.000086 0.779487 0.622505
5.766660 -18.340692 19.425610 -0.676698 0.068223 0.002857 0.782758 0.618569
5.800000 -18.493052 19.374956 -0.594865 0.066287 0.005343 0.786049 0.614577
5.833330 -18.645525 19.322772 -0.508432 0.063710 0.007716 0.789348 0.610582
5.866660 -18.798312 19.271040 -0.417014 0.062131 0.010677 0.792613 0.606457
5.900000 -18.949601 19.212955 -0.318099 0.059805 0.013245 0.795811 0.602439
5.933330 -19.101708 19.156801 -0.217554 0.058239 0.016648 0.798894 0.598414
5.966660 -19.252507 19.095032 -0.113496 0.055407 0.018693 0.802070 0.594361
6.000000 -19.403670 19.034213 -0.008715 0.053682 0.021909 0.805016 0.590412
6.033330 -19.553357 18.968923 0.097199 0.050822 0.024107 0.808246 0.586152
6.066660 -19.711737 18.906473 0.192285 0.047537 0.025888 0.811417 0.581956
6.100000 -19.861817 18.836080 0.294572 0.045336 0.028512 0.814335 0.577918
6.133330 -20.012523 18.767308 0.391436 0.042388 0.030338 0.817271 0.573891
6.166660 -20.162015 18.693106 0.484926 0.039174 0.032391 0.820223 0.569781
6.200000 -20.309620 18.617445 0.573377 0.036646 0.034987 0.823145 0.565566
6.233330 -20.460681 18.541462 0.653894 0.033804 0.036958 0.826137 0.561240
6.266660 -20.608400 18.463188 0.728350 0.030815 0.039164 0.828878 0.557206
6.300000 -20.754713 18.381084 0.794797 0.028791 0.042028 0.831834 0.552681
6.333330 -20.901275 18.298729 0.852300 0.025382 0.043592 0.834624 0.548506
6.366660 -21.047102 18.213923 0.900561 0.021883 0.044925 0.837551 0.544069
6.400000 -21.194722 18.127032 0.937333 0.017573 0.045593 0.840082 0.540254
6.433330 -21.339897 18.036697 0.964857 0.015207 0.047876 0.842995 0.535570
6.466660 -21.483505 17.944763 0.982052 0.011983 0.049443 0.845625 0.531348
6.500000 -21.626605 17.851107 0.988468 0.008843 0.050993 0.848332 0.526928
6.533330 -21.770591 17.756135 0.983004 0.005264 0.052201 0.851044 0.522466
6.566660 -21.911749 17.658185 0.967549 0.002436 0.053541 0.853612 0.518145
6.600000 -22.052407 17.558423 0.941291 -0.000982 0.054543 0.856114 0.513900
6.633330 -22.193050 17.458276 0.904245 -0.004419 0.055681 0.858820 0.509223
6.666660 -22.332338 17.355006 0.857377 -0.007429 0.057126 0.861325 0.504777
6.700000 -22.470751 17.249162 0.801179 -0.010547 0.057931 0.863838 0.500316
6.733330 -22.609091 17.143034 0.735895 -0.013630 0.059148 0.866296 0.495830
6.766660 -22.745153 17.032503 0.662542 -0.017159 0.059481 0.868634 0.491571
6.799990 -22.881994 16.923015 0.581513 -0.019879 0.060699 0.871335 0.486514
6.833330 -23.012730 16.812881 0.492324 -0.024020 0.060465 0.873589 0.482297
6.866660 -23.146771 16.698521 0.399214 -0.027258 0.061011 0.876047 0.477573
6.899990 -23.280435 16.582212 0.302024 -0.030334 0.061355 0.878464 0.472881
6.933330 -23.411521 16.464510 0.200282 -0.033786 0.061555 0.880724 0.468395
6.966660 -23.543077 16.344551 0.097429 -0.036468 0.062181 0.883010 0.463785
6.999990 -23.673657 16.222776 -0.006604 -0.039526 0.062104 0.885385 0.458993
7.033330 -23.803992 16.100045 -0.110873 -0.042784 0.061750 0.887785 0.454086
7.066660 -23.932262 15.974369 -0.215354 -0.045900 0.061418 0.889994 0.449480
7.099990 -24.054508 15.850528 -0.320654 -0.049290 0.061158 0.892177 0.444804
7.133330 -24.176896 15.723607 -0.419646 -0.052371 0.060510 0.894395 0.440061
7.166660 -24.302063 15.592516 -0.512810 -0.054178 0.061083 0.896748 0.434945
7.199990 -24.427473 15.462136 -0.601848 -0.057503 0.060234 0.898814 0.430348
7.233330 -24.550741 15.327879 -0.683372 -0.059845 0.059804 0.901043 0.425399
7.266660 -24.671653 15.190564 -0.757577 -0.062703 0.058778 0.903008 0.420939
7.299990 -24.792938 15.053601 -0.825123 -0.065921 0.056940 0.905183 0.416000
7.333330 -24.907626 14.918825 -0.886069 -0.068071 0.056855 0.907300 0.411023
7.366660 -25.022050 14.780770 -0.935406 -0.070977 0.055514 0.909319 0.406225
7.399990 -25.138708 14.638694 -0.973833 -0.072442 0.055228 0.911483 0.401124
7.433330 -25.255200 14.496053 -1.002979 -0.075031 0.053624 0.913378 0.396530
7.466660 -25.369620 14.350105 -1.020295 -0.076882 0.052713 0.915443 0.391504
7.499990 -25.480303 14.205819 -1.028793 -0.079079 0.051330 0.917444 0.386534
7.533330 -25.593060 14.057189 -1.023623 -0.081389 0.049261 0.919404 0.381635
7.566660 -25.701955 13.909781 -1.008764 -0.083438 0.047673 0.921362 0.376640
7.599990 -25.812058 13.758092 -0.982171 -0.084854 0.046196 0.923286 0.371765
7.633330 -25.920177 13.605516 -0.944867 -0.086232 0.044906 0.925275 0.366626
7.666660 -26.027661 13.452917 -0.899663 -0.088244 0.042607 0.927011 0.362007
7.699990 -26.132803 13.297113 -0.843274 -0.089166 0.041458 0.928932 0.356953
7.733330 -26.234942 13.142507 -0.777723 -0.090212 0.039844 0.930901 0.351707
7.766660 -26.336558 12.985179 -0.703015 -0.091442 0.037688 0.932654 0.346951
7.799990 -26.439001 12.826360 -0.622769 -0.092807 0.035554 0.934418 0.342031
7.833330 -26.538753 12.665891 -0.535099 -0.093411 0.033891 0.936291 0.336876
7.866660 -26.636905 12.504458 -0.441167 -0.094016 0.031836 0.938070 0.331921
7.899990 -26.729677 12.346027 -0.341707 -0.094857 0.029642 0.939861 0.326779
7.933330 -26.828863 12.182281 -0.240230 -0.095668 0.027220 0.941622 0.321643
7.966660 -26.923849 12.016401 -0.138593 -0.096210 0.024637 0.943294 0.316755
7.999990 -27.018455 11.849382 -0.034842 -0.096603 0.022608 0.944989 0.311693
8.033330 -27.112605 11.680772 0.068888 -0.096006 0.021292 0.946776 0.306503
8.066660 -27.204713 11.510437 0.172879 -0.096357 0.018594 0.948378 0.301577
8.099990 -27.295978 11.339330 0.274579 -0.096216 0.016499 0.950077 0.296352
8.133330 -27.385968 11.167094 0.373051 -0.095898 0.014005 0.951713 0.291290
8.166660 -27.473112 10.992572 0.467022 -0.095294 0.011903 0.953292 0.286375
8.200000 -27.560100 10.817125 0.554925 -0.094731 0.009643 0.954947 0.281087
8.233330 -27.645282 10.640670 0.637199 -0.094388 0.006957 0.956443 0.276151
8.266660 -27.729049 10.462895 0.711966 -0.093885 0.004177 0.957883 0.271346
8.300000 -27.811691 10.283937 0.778702 -0.092638 0.002355 0.959468 0.266147
8.333330 -27.892698 10.103753 0.836489 -0.091401 0.000346 0.960972 0.261110
8.366660 -27.973553 9.921306 0.882987 -0.090371 -0.001831 0.962442 0.255998
8.400000 -28.054440 9.735023 0.919452 -0.088748 -0.004032 0.964011 0.250579
8.433330 -28.131329 9.551363 0.947124 -0.087556 -0.006806 0.965338 0.245786
8.466670 -28.207389 9.366221 0.962748 -0.086257 -0.009262 0.966753 0.240545
8.500000 -28.281877 9.179476 0.968226 -0.084710 -0.011728 0.968088 0.235567
8.533330 -28.356113 8.989458 0.962531 -0.082655 -0.013444 0.969459 0.230513
8.566670 -28.428734 8.798604 0.946331 -0.080544 -0.015147 0.970850 0.225243
8.600000 -28.501531 8.603338 0.916592 -0.078470 -0.017113 0.972223 0.219843
8.633340 -28.569901 8.412323 0.880433 -0.076548 -0.019682 0.973401 0.215044
8.666670 -28.636234 8.221550 0.833741 -0.074523 -0.022133 0.974606 0.210000
8.700000 -28.701659 8.029543 0.776080 -0.072325 -0.023843 0.975784 0.205052
8.733340 -28.764607 7.836742 0.711014 -0.069834 -0.025895 0.976960 0.200004
8.766670 -28.827208 7.642226 0.634501 -0.067649 -0.028190 0.978095 0.194829
8.800000 -28.889295 7.442837 0.551693 -0.064504 -0.029311 0.979288 0.189671
8.833340 -28.947611 7.247430 0.464408 -0.062019 -0.031106 0.980334 0.184747
8.866670 -29.005352 7.051290 0.368712 -0.059463 -0.033232 0.981385 0.179565
8.900010 -29.061539 6.854954 0.271453 -0.056360 -0.034193 0.982447 0.174507
8.933340 -29.115821 6.657770 0.170905 -0.053466 -0.035949 0.983429 0.169461
8.966670 -29.169378 6.460650 0.065499 -0.050557 -0.037730 0.984355 0.164519
9.000010 -29.219908 6.262866 -0.042620 -0.047572 -0.039026 0.985286 0.159451
9.033340 -29.270632 6.064273 -0.147655 -0.044503 -0.040558 0.986178 0.154362
9.066670 -29.318133 5.865910 -0.253345 -0.041328 -0.041658 0.987057 0.149246
9.100010 -29.365231 5.665379 -0.354150 -0.038288 -0.043175 0.987824 0.144476
9.133340 -29.409918 5.467317 -0.453895 -0.035008 -0.044896 0.988599 0.139395
9.166680 -29.454089 5.265964 -0.547167 -0.031881 -0.046304 0.989339 0.134344
9.200010 -29.495820 5.063761 -0.634850 -0.028632 -0.047649 0.990017 0.129523
9.233340 -29.536143 4.862057 -0.716929 -0.025112 -0.048402 0.990707 0.124608
9.266680 -29.574672 4.659490 -0.790899 -0.021380 -0.047958 0.991469 0.119301
9.300010 -29.612028 4.455903 -0.856673 -0.018187 -0.049766 0.992029 0.114333
9.333340 -29.647467 4.252508 -0.914305 -0.014763 -0.050093 0.992633 0.109326
9.366680 -29.681976 4.047640 -0.961692 -0.010888 -0.050450 0.993204 0.104315
9.400010 -29.714677 3.843697 -1.000161 -0.007521 -0.051231 0.993726 0.099135
9.433350 -29.745884 3.638486 -1.028151 -0.004136 -0.051771 0.994189 0.094293
9.466680 -29.775201 3.433206 -1.045401 -0.000538 -0.051622 0.994668 0.089281
9.500010 -29.802903 3.226740 -1.051466 0.003100 -0.051476 0.995114 0.084191
9.533350 -29.829038 3.020309 -1.046632 0.006847 -0.051382 0.995512 0.079179
9.566680 -29.853632 2.813707 -1.030876 0.010250 -0.051447 0.995867 0.074140
9.600010 -29.876507 2.605654 -1.004437 0.013838 -0.050921 0.996225 0.068933
9.633350 -29.897822 2.397495 -0.967609 0.017238 -0.051527 0.996473 0.063943
9.666680 -29.917473 2.189573 -0.920824 0.020900 -0.050959 0.996748 0.058825
9.700020 -29.935619 1.980895 -0.864276 0.024379 -0.049811 0.997019 0.053636
9.733350 -29.951862 1.773952 -0.799151 0.027654 -0.050725 0.997144 0.048641
9.766680 -29.966516 1.566662 -0.725173 0.031071 -0.049454 0.997340 0.043602
9.800020 -29.979231 1.357655 -0.644284 0.034490 -0.048995 0.997465 0.038385
9.833350 -29.991115 1.148376 -0.556589 0.038009 -0.047902 0.997571 0.033369
9.866680 -30.001261 0.938976 -0.463356 0.041256 -0.047171 0.997637 0.028170
9.900020 -30.009903 0.729347 -0.365637 0.044506 -0.045928 0.997687 0.023034
9.933350 -30.016341 0.519578 -0.264724 0.047575 -0.045196 0.997685 0.017832
9.966690 -30.021894 0.309709 -0.161531 0.050847 -0.043934 0.997659 0.012697
10.000000 -30.025434 0.100413 -0.057321 0.053725 -0.043253 0.997590 0.007561
10.033400 -30.026509 -0.110580 0.046190 0.056639 -0.041992 0.997508 0.002454
10.066700 -30.027317 -0.320174 0.149196 0.059601 -0.040125 0.997412 -0.002697
10.100000 -30.026171 -0.530065 0.249851 0.062414 -0.039473 0.997238 -0.007874
10.133400 -30.022612 -0.740442 0.347343 0.065320 -0.037740 0.997066 -0.012990
10.166700 -30.018158 -0.950205 0.440043 0.067883 -0.036366 0.996863 -0.018272
10.200000 -30.010746 -1.159807 0.527483 0.070471 -0.034681 0.996633 -0.023523
10.233400 -30.001558 -1.370317 0.608668 0.072773 -0.032717 0.996406 -0.028443
10.266700 -29.991530 -1.578197 0.682752 0.075066 -0.031765 0.996101 -0.033734
10.300000 -29.980147 -1.787745 0.748116 0.077560 -0.029661 0.995779 -0.039094
10.333400 -29.967009 -1.996814 0.804865 0.079681 -0.028824 0.995422 -0.044212
10.366700 -29.951442 -2.205794 0.851816 0.081951 -0.026489 0.995050 -0.049569
10.400000 -29.935230 -2.414550 0.888537 0.083739 -0.024353 0.994684 -0.054753
10.433400 -29.917490 -2.623555 0.914800 0.085586 -0.022632 0.994257 -0.060129
10.466700 -29.897669 -2.831852 0.930281 0.087287 -0.020714 0.993833 -0.065181
10.500000 -29.875166 -3.039421 0.935254 0.089007 -0.018734 0.993346 -0.070646
10.533400 -29.852471 -3.247686 0.928766 0.090287 -0.016150 0.992890 -0.075880
10.566700 -29.827883 -3.451352 0.912390 0.091638 -0.014381 0.992369 -0.081233
10.600000 -29.800991 -3.658139 0.884485 0.092989 -0.011808 0.991837 -0.086451
10.633400 -29.773339 -3.865187 0.845999 0.093837 -0.009561 0.991311 -0.091682
10.666700 -29.743979 -4.067533 0.798036 0.094969 -0.007953 0.990702 -0.097098
10.700000 -29.711786 -4.270822 0.741059 0.095783 -0.005264 0.990109 -0.102380
10.733400 -29.679436 -4.476618 0.674302 0.096796 -0.003357 0.989443 -0.107800
10.766700 -29.645685 -4.680597 0.599583 0.097094 -0.000857 0.988852 -0.112887
10.800000 -29.608628 -4.883180 0.519085 0.097723 0.001296 0.988141 -0.118427
10.833400 -29.571052 -5.087318 0.430549 0.098401 0.003196 0.987448 -0.123502
10.866700 -29.533069 -5.289643 0.336759 0.098187 0.005911 0.986756 -0.128981
10.900000 -29.491440 -5.490557 0.240621 0.098462 0.007979 0.986028 -0.134126
10.933400 -29.449344 -5.692298 0.138509 0.098419 0.010167 0.985262 -0.139531
10.966700 -29.404716 -5.893379 0.034971 0.098442 0.012146 0.984442 -0.145034
11.000000 -29.358897 -6.093707 -0.069830 0.098330 0.014276 0.983645 -0.150233
11.033400 -29.311077 -6.293870 -0.175005 0.097726 0.017141 0.982840 -0.155505
11.066700 -29.262465 -6.492789 -0.278803 0.097125 0.019014 0.982011 -0.160811
11.100000 -29.211801 -6.691054 -0.380377 0.096266 0.021357 0.981164 -0.166112
11.133400 -29.159621 -6.889362 -0.478777 0.095630 0.023136 0.980240 -0.171605
11.166700 -29.105368 -7.086511 -0.570770 0.094629 0.025234 0.979371 -0.176750
11.200000 -29.049759 -7.282578 -0.659056 0.094131 0.026498 0.978409 -0.182081
11.233400 -28.992437 -7.478926 -0.739409 0.093022 0.028214 0.977455 -0.187436
11.266700 -28.934093 -7.673252 -0.813758 0.091129 0.031223 0.976539 -0.192593
11.300000 -28.873660 -7.866230 -0.879932 0.090023 0.032670 0.975533 -0.197896
11.333400 -28.812078 -8.059632 -0.937542 0.088538 0.034687 0.974509 -0.203198
11.366700 -28.749181 -8.251560 -0.985498 0.087134 0.036094 0.973475 -0.208451
11.400000 -28.685933 -8.442925 -1.023196 0.085163 0.038243 0.972436 -0.213666
11.433400 -28.620212 -8.633684 -1.050948 0.083222 0.039762 0.971406 -0.218775
11.466700 -28.554083 -8.822836 -1.067976 0.081202 0.041330 0.970256 -0.224280
11.500000 -28.484916 -9.009644 -1.073744 0.079203 0.042671 0.969174 -0.229365
11.533400 -28.414934 -9.197280 -1.068729 0.076811 0.044573 0.968059 -0.234466
11.566700 -28.343816 -9.383636 -1.052805 0.074467 0.045798 0.966951 -0.239505
11.600000 -28.270580 -9.568555 -1.025889 0.072456 0.046657 0.965714 -0.244885
11.633400 -28.196339 -9.753639 -0.988625 0.069772 0.048214 0.964571 -0.249821
11.666700 -28.121102 -9.937038 -0.941255 0.067246 0.049328 0.963343 -0.254980
11.700000 -28.044305 -10.119423 -0.884278 0.064493 0.050522 0.962103 -0.260087
11.733400 -27.965818 -10.300064 -0.817112 0.061709 0.052358 0.960831 -0.265055
11.766700 -27.886505 -10.480290 -0.743057 0.059399 0.051778 0.959570 -0.270214
11.800000 -27.805758 -10.659853 -0.661999 0.056606 0.052595 0.958294 -0.275139
11.833400 -27.723392 -10.838251 -0.574076 0.053438 0.053466 0.956990 -0.280100
11.866700 -27.640614 -11.015211 -0.480787 0.050905 0.053427 0.955649 -0.285114
11.900000 -27.555314 -11.188855 -0.381703 0.047655 0.054519 0.954213 -0.290232
11.933400 -27.469328 -11.363941 -0.280265 0.044048 0.055550 0.952842 -0.295070
11.966700 -27.381144 -11.535231 -0.175709 0.041157 0.055590 0.951373 -0.300175
12.000000 -27.292900 -11.707395 -0.070994 0.037689 0.056319 0.949931 -0.305023
12.033400 -27.202112 -11.878475 0.034141 0.034456 0.056457 0.948491 -0.309823
12.066700 -27.110958 -12.048077 0.137940 0.030623 0.057095 0.946933 -0.314835
12.100000 -27.016628 -12.214864 0.239842 0.027612 0.056938 0.945398 -0.319717
12.133400 -26.922184 -12.382159 0.338169 0.024506 0.056356 0.943885 -0.324506
12.166700 -26.826549 -12.547380 0.431869 0.021027 0.056039 0.942384 -0.329136
12.200000 -26.730274 -12.709455 0.520711 0.017450 0.056303 0.940633 -0.334268
12.233400 -26.630765 -12.871341 0.602643 0.014501 0.055351 0.939040 -0.339014
12.266700 -26.531574 -13.032269 0.677041 0.010567 0.055294 0.937374 -0.343745
12.300100 -26.429947 -13.191159 0.743458 0.008067 0.053610 0.935723 -0.348546
12.333400 -26.328652 -13.348509 0.801106 0.004411 0.053099 0.933994 -0.353293
12.366700 -26.225601 -13.504887 0.849350 0.001169 0.052161 0.932265 -0.357994
12.400100 -26.120212 -13.659713 0.887607 -0.002915 0.051976 0.930413 -0.362798
12.433400 -26.014406 -13.812723 0.915243 -0.006329 0.051352 0.928586 -0.367493
12.466700 -25.907561 -13.964283 0.932389 -0.009646 0.050054 0.926754 -0.372195
12.500100 -25.798570 -14.114271 0.938594 -0.012140 0.047752 0.925095 -0.376525
12.533400 -25.689476 -14.262660 0.933538 -0.016096 0.047431 0.923042 -0.381424
12.566700 -25.579430 -14.409476 0.918046 -0.019507 0.045937 0.921095 -0.386125
12.600100 -25.467975 -14.555161 0.891824 -0.023165 0.044983 0.919156 -0.390629
12.633400 -25.355322 -14.698572 0.855248 -0.025675 0.042860 0.917236 -0.395198
12.666700 -25.241732 -14.840677 0.808108 -0.029250 0.041858 0.915182 -0.399793
12.700100 -25.126537 -14.982044 0.751411 -0.032286 0.040141 0.913093 -0.404485
12.733400 -25.010845 -15.121084 0.686637 -0.035175 0.037969 0.911078 -0.408973
12.766700 -24.893897 -15.258670 0.613910 -0.038500 0.036587 0.908894 -0.413632
12.800100 -24.775528 -15.395003 0.533450 -0.041336 0.034434 0.906737 -0.418251
12.833400 -24.656174 -15.529067 0.446705 -0.044454 0.032501 0.904585 -0.422722
12.866700 -24.535479 -15.661014 0.354242 -0.047597 0.031347 0.902289 -0.427347
12.900100 -24.414343 -15.792090 0.256314 -0.049677 0.028470 0.900171 -0.431757
12.933400 -24.292091 -15.921110 0.156398 -0.052682 0.026554 0.897797 -0.436441
12.966700 -24.169272 -16.048408 0.054409 -0.055361 0.024437 0.895504 -0.440920
13.000100 -24.044378 -16.174120 -0.049219 -0.057764 0.022173 0.893146 -0.445492
13.033400 -23.919771 -16.297972 -0.152243 -0.060402 0.019963 0.890758 -0.450003
13.066700 -23.793387 -16.419296 -0.254635 -0.062222 0.017213 0.888427 -0.454455
13.100100 -23.665311 -16.538478 -0.356175 -0.064985 0.015434 0.885979 -0.458891
13.133400 -23.537863 -16.656810 -0.452396 -0.066777 0.012480 0.883554 -0.463377
13.166700 -23.409438 -16.773235 -0.544371 -0.069330 0.010709 0.881018 -0.467853
13.200100 -23.279140 -16.887715 -0.631164 -0.070447 0.007418 0.878613 -0.472251
13.233400 -23.148521 -17.000268 -0.711473 -0.072953 0.005455 0.876009 -0.476714
13.266700 -23.018321 -17.109032 -0.786473 -0.074321 0.002578 0.873335 -0.481411
13.300100 -22.884802 -17.217568 -0.851575 -0.075810 -0.000344 0.870789 -0.485778
13.333400 -22.751406 -17.325491 -0.908087 -0.077517 -0.002690 0.868149 -0.490205
13.366700 -22.616743 -17.429284 -0.956886 -0.079091 -0.005009 0.865475 -0.494644
13.400100 -22.482090 -17.532395 -0.994145 -0.080915 -0.007093 0.862769 -0.499031
13.433400 -22.347506 -17.632371 -1.021311 0.082332 0.009573 -0.859949 0.503605
13.466700 -22.210171 -17.732924 -1.037346 0.082794 0.012692 -0.857343 0.507885
13.500100 -22.072293 -17.831885 -1.042909 0.084365 0.015107 -0.854403 0.512494
13.533400 -21.933135 -17.926565 -1.036994 0.084546 0.018015 -0.851653 0.516927
13.566700 -21.794204 -18.018983 -1.020482 0.084762 0.021163 -0.848999 0.521123
13.600100 -21.655025 -18.110666 -0.993523 0.085651 0.023618 -0.845992 0.525741
13.633400 -21.516293 -18.198848 -0.958831 0.086262 0.026352 -0.843080 0.530171
13.666700 -21.376323 -18.286149 -0.911909 0.086642 0.028642 -0.840309 0.534372
13.700100 -21.233675 -18.370400 -0.855721 0.086815 0.031562 -0.837270 0.538931
13.733400 -21.091291 -18.451648 -0.792297 0.087122 0.033647 -0.834248 0.543423
13.766700 -20.949119 -18.531254 -0.719655 0.087425 0.036068 -0.831236 0.547817
13.800100 -20.805412 -18.609892 -0.638934 0.087953 0.037965 -0.828148 0.552262
13.833400 -20.660271 -18.686874 -0.553910 0.087348 0.040513 -0.825179 0.556604
13.866700 -20.514969 -18.762261 -0.461616 0.086682 0.043192 -0.822138 0.560990
13.900100 -20.368880 -18.834323 -0.364430 0.086741 0.044950 -0.818894 0.565569
13.933400 -20.220482 -18.906267 -0.265191 0.086306 0.047053 -0.815767 0.569966
13.966700 -20.073729 -18.975313 -0.163040 0.085164 0.049770 -0.812769 0.574175
14.000100 -19.926189 -19.041527 -0.059064 0.084532 0.051614 -0.809644 0.578505
14.033400 -19.779186 -19.106053 0.044655 0.083538 0.053910 -0.806588 0.582693
14.066700 -19.631944 -19.168903 0.147254 0.082251 0.055923 -0.803363 0.587124
14.100100 -19.483177 -19.229138 0.247982 0.080951 0.057987 -0.800189 0.591424
14.133400 -19.334187 -19.288740 0.344704 0.079798 0.059751 -0.796933 0.595785
14.166700 -19.184420 -19.343961 0.437280 0.078924 0.061216 -0.793833 0.599877
14.200100 -19.035284 -19.399606 0.524603 0.076679 0.063499 -0.790587 0.604203
14.233400 -18.884761 -19.453306 0.604827 0.075407 0.064838 -0.787357 0.608424
14.266700 -18.734786 -19.503868 0.678066 0.074163 0.065851 -0.783945 0.612857
14.300100 -18.581610 -19.552627 0.742475 0.071460 0.068097 -0.780947 0.616747
14.333400 -18.430476 -19.598901 0.798320 0.070846 0.068517 -0.777314 0.621345
14.366700 -18.278512 -19.642176 0.844781 0.068295 0.070069 -0.774225 0.625302
14.400100 -18.125822 -19.683452 0.881215 0.066960 0.070626 -0.770781 0.629623
14.433400 -17.973482 -19.723034 0.906995 0.064957 0.071637 -0.767323 0.633928
14.466700 -17.820294 -19.759476 0.921979 0.062227 0.072976 -0.764223 0.637781
14.500100 -17.666848 -19.795561 0.926073 0.059944 0.073832 -0.760729 0.642065
14.533400 -17.512983 -19.827945 0.919014 0.058113 0.074205 -0.757332 0.646192
14.566700 -17.359138 -19.858874 0.900912 0.055259 0.075247 -0.753965 0.650247
14.600100 -17.201501 -19.891122 0.872441 0.052582 0.075921 -0.750517 0.654366
14.633400 -17.043259 -19.919297 0.833467 0.050093 0.076285 -0.747210 0.658292
14.666700 -16.887644 -19.946744 0.784767 0.048742 0.076025 -0.743472 0.662642
14.700100 -16.731486 -19.968530 0.725709 0.045948 0.076303 -0.740061 0.666616
14.733400 -16.576328 -19.988922 0.658231 0.043157 0.076330 -0.736571 0.670652
14.766800 -16.419749 -20.009316 0.583606 0.040727 0.076201 -0.733155 0.674550
14.800100 -16.264554 -20.025658 0.500751 0.037350 0.076419 -0.729635 0.678527
14.833400 -16.108714 -20.038388 0.411512 0.034651 0.076087 -0.726227 0.682352
14.866800 -15.952528 -20.052002 0.317853 0.031430 0.075923 -0.722836 0.686117
14.900100 -15.796273 -20.061232 0.219342 0.028721 0.075269 -0.719171 0.690147
14.933400 -15.640559 -20.068605 0.116893 0.026199 0.074483 -0.715602 0.694032
14.966800 -15.484411 -20.074513 0.011881 0.023897 0.073478 -0.711795 0.698124
15.000100 -15.328622 -20.077800 -0.094300 0.020340 0.073280 -0.708444 0.701657
15.033400 -15.171875 -20.078826 -0.198658 0.016944 0.072296 -0.704839 0.705470
15.066800 -15.011850 -20.078752 -0.299782 0.013985 0.071143 -0.701395 0.709076
15.100100 -14.855718 -20.075318 -0.402417 0.010962 0.070261 -0.697627 0.712923
15.133400 -14.698039 -20.070862 -0.499572 0.008567 0.068518 -0.694133 0.716527
15.166800 -14.538851 -20.064728 -0.591759 0.006066 0.066727 -0.690375 0.720343
15.200100 -14.374243 -20.055751 -0.678785 0.003088 0.065246 -0.686689 0.724011
15.233400 -14.216941 -20.044353 -0.761036 -0.000350 0.064264 -0.682928 0.727653
15.266800 -14.058122 -20.030291 -0.836358 -0.003485 0.062848 -0.679276 0.731178
15.300100 -13.900278 -20.014556 -0.903031 -0.006850 0.061432 -0.675564 0.734705
15.333400 -13.739137 -19.996302 -0.961939 -0.009456 0.059342 -0.671654 0.738424
15.366800 -13.581791 -19.975427 -1.011204 -0.012340 0.057396 -0.668011 0.741832
15.400100 -13.423286 -19.952786 -1.049476 -0.014244 0.054598 -0.664208 0.745415
15.433400 -13.265983 -19.927677 -1.078506 -0.017239 0.052662 -0.660395 0.748871
15.466800 -13.108552 -19.900604 -1.096409 -0.020268 0.050654 -0.656634 0.752233
15.500100 -12.951321 -19.871617 -1.102599 -0.022778 0.048319 -0.652887 0.755569
15.533400 -12.794112 -19.840362 -1.098763 -0.025966 0.046381 -0.648944 0.758977
15.566800 -12.637017 -19.806734 -1.083827 -0.028622 0.043940 -0.645093 0.762302
15.600100 -12.480643 -19.770866 -1.057509 -0.030154 0.040658 -0.641327 0.765596
15.633400 -12.324047 -19.732823 -1.021363 -0.033466 0.038740 -0.637323 0.768894
15.666800 -12.168032 -19.692626 -0.975414 -0.035698 0.036037 -0.633444 0.772124
15.700100 -12.012921 -19.650010 -0.920110 -0.038610 0.033578 -0.629511 0.775305
15.733400 -11.857642 -19.605208 -0.854495 -0.041127 0.031066 -0.625410 0.778592
15.766800 -11.703234 -19.558488 -0.781445 -0.042828 0.027819 -0.621535 0.781720
15.800100 -11.549062 -19.510409 -0.702035 -0.045018 0.024939 -0.617425 0.784945
15.833400 -11.395443 -19.458804 -0.616209 -0.046662 0.021900 -0.613565 0.787960
15.866800 -11.241712 -19.406199 -0.524564 -0.048070 0.018640 -0.609483 0.791121
15.900100 -11.088538 -19.350515 -0.428355 -0.049506 0.015264 -0.605494 0.794162
15.933400 -10.935648 -19.293765 -0.329180 -0.051942 0.012612 -0.601248 0.797273
15.966800 -10.782954 -19.233817 -0.227269 -0.053160 0.009385 -0.597231 0.800251
16.000100 -10.630818 -19.172170 -0.123745 -0.055752 0.007019 -0.593103 0.803163
16.033400 -10.479175 -19.108495 -0.020825 -0.056223 0.003367 -0.588983 0.806180
16.066800 -10.327686 -19.043352 0.081893 -0.058112 0.000166 -0.584571 0.809259
16.100100 -10.177474 -18.974704 0.182356 -0.060101 -0.002496 -0.580333 0.812155
16.133400 -10.027679 -18.905685 0.278496 -0.060443 -0.006299 -0.576061 0.815145
16.166800 -9.880189 -18.831652 0.374749 -0.061402 -0.009626 -0.571998 0.817897
16.200100 -9.739165 -18.757214 0.467093 -0.062357 -0.012855 -0.567789 0.820708
16.233400 -9.594040 -18.681565 0.547699 -0.063357 -0.015977 -0.563532 0.823506
16.266800 -9.446717 -18.603476 0.620647 -0.064105 -0.019186 -0.559094 0.826400
16.300100 -9.301338 -18.523871 0.685554 -0.064662 -0.022410 -0.554882 0.829110
16.333400 -9.155702 -18.442001 0.741412 -0.064839 -0.025828 -0.550392 0.831984
16.366800 -9.011585 -18.355989 0.790215 -0.064923 -0.029299 -0.545906 0.834813
16.400100 -8.867809 -18.270456 0.827178 -0.065956 -0.031970 -0.541718 0.837358
16.433400 -8.724150 -18.183066 0.852900 -0.066811 -0.034727 -0.537106 0.840147
16.466800 -8.580743 -18.093233 0.867872 -0.066492 -0.038102 -0.532619 0.842879
16.500100 -8.438831 -18.000655 0.872082 -0.065954 -0.041294 -0.528319 0.845473
16.533400 -8.300219 -17.903554 0.870429 -0.066734 -0.043590 -0.523713 0.848157
16.566800 -8.173943 -17.810605 0.861587 -0.066399 -0.046790 -0.519615 0.850530
16.600100 -8.034672 -17.712431 0.833728 -0.066372 -0.049789 -0.515046 0.853138
16.633400 -7.896064 -17.612982 0.795410 -0.066152 -0.052444 -0.510415 0.855775
16.666800 -7.760667 -17.510056 0.751390 -0.064826 -0.055792 -0.505946 0.858314
16.700100 -7.624296 -17.407007 0.694612 -0.065279 -0.057798 -0.501208 0.860923
16.733400 -7.495252 -17.304218 0.629441 -0.063988 -0.060579 -0.496837 0.863359
16.766800 -7.359740 -17.196707 0.554606 -0.063737 -0.063076 -0.492038 0.865943
16.800100 -7.231448 -17.087298 0.478623 -0.063302 -0.065271 -0.487695 0.868266
16.833400 -7.098276 -16.976609 0.390186 -0.062381 -0.067561 -0.482765 0.870908
16.866800 -6.968450 -16.864726 0.295779 -0.061776 -0.069626 -0.478254 0.873275
16.900100 -6.837391 -16.749786 0.197679 -0.059588 -0.072400 -0.473513 0.875781
16.933400 -6.708290 -16.632847 0.098894 -0.058119 -0.074797 -0.468706 0.878261
16.966800 -6.578734 -16.514348 -0.004826 -0.057166 -0.076421 -0.463895 0.880735
17.000100 -6.450460 -16.393956 -0.109792 -0.055736 -0.078466 -0.459247 0.883079
17.033400 -6.323284 -16.271816 -0.211616 -0.054422 -0.080233 -0.454541 0.885434
17.066700 -6.196541 -16.148193 -0.314648 -0.052773 -0.082025 -0.449641 0.887868
17.100100 -6.070728 -16.021818 -0.414992 -0.051370 -0.083384 -0.444729 0.890295
17.133400 -5.944987 -15.893944 -0.512021 -0.049646 -0.085093 -0.439845 0.892654
17.166700 -5.821439 -15.764921 -0.605503 -0.047877 -0.086321 -0.435165 0.894923
17.200100 -5.698303 -15.633326 -0.692981 -0.046641 -0.087263 -0.430239 0.897276
17.233400 -5.576399 -15.500686 -0.774324 -0.044337 -0.088625 -0.425409 0.899560
17.266700 -5.456202 -15.366311 -0.848444 -0.042259 -0.089740 -0.420709 0.901756
17.300100 -5.335745 -15.229931 -0.914338 -0.040780 -0.090248 -0.415818 0.904040
17.333400 -5.217101 -15.092713 -0.971511 -0.038712 -0.091151 -0.410753 0.906353
17.366700 -5.098846 -14.953124 -1.018541 -0.036653 -0.091806 -0.405899 0.908556
17.400100 -4.981163 -14.811524 -1.055699 -0.034566 -0.092508 -0.400890 0.910788
17.433400 -4.864150 -14.668476 -1.082108 -0.032266 -0.092731 -0.396262 0.912872
17.466700 -4.748227 -14.523432 -1.098466 -0.030478 -0.092946 -0.391093 0.915138
17.500100 -4.633442 -14.376955 -1.103785 -0.027537 -0.093538 -0.386322 0.917195
17.533400 -4.519424 -14.229659 -1.097548 -0.025148 -0.093586 -0.381307 0.919355
17.566700 -4.405218 -14.078666 -1.082003 -0.022354 -0.093672 -0.376257 0.921497
17.600100 -4.294645 -13.927659 -1.054939 -0.020733 -0.093315 -0.371472 0.923510
17.633400 -4.185607 -13.775493 -1.017626 -0.018032 -0.093208 -0.366449 0.925582
17.666700 -4.077083 -13.622504 -0.970166 -0.015871 -0.092528 -0.361522 0.927625
17.700100 -3.969838 -13.466929 -0.913389 -0.013776 -0.091866 -0.356720 0.929581
17.733400 -3.864357 -13.310849 -0.847947 -0.010904 -0.091266 -0.351644 0.931610
17.766700 -3.759619 -13.153614 -0.773746 -0.009402 -0.090091 -0.346767 0.933567
17.800100 -3.656056 -12.993919 -0.692423 -0.007167 -0.089213 -0.341569 0.935585
17.833400 -3.553443 -12.833747 -0.604268 -0.004516 -0.088067 -0.336702 0.937473
17.866700 -3.453279 -12.672034 -0.511412 -0.001765 -0.087126 -0.331761 0.939330
17.900100 -3.353983 -12.508583 -0.414008 0.000472 -0.085575 -0.326798 0.941212
17.933400 -3.255884 -12.344251 -0.312758 0.002876 -0.084289 -0.321867 0.943021
17.966700 -3.159527 -12.178368 -0.209797 0.003948 -0.082168 -0.317090 0.944821
18.000100 -3.064707 -12.011435 -0.105454 0.007134 -0.080769 -0.312238 0.946537
18.033400 -2.970491 -11.843861 -0.001619 0.010037 -0.079319 -0.307091 0.948316
18.066700 -2.878843 -11.674182 0.101870 0.012532 -0.077357 -0.302274 0.949994
18.100100 -2.788060 -11.503180 0.203531 0.014160 -0.074930 -0.297424 0.951695
18.133400 -2.698458 -11.330908 0.300184 0.016378 -0.073003 -0.292526 0.953326
18.166700 -2.610327 -11.157241 0.392802 0.019048 -0.070927 -0.287640 0.954919
18.200100 -2.523920 -10.982706 0.481036 0.021030 -0.068768 -0.282710 0.956506
18.233400 -2.439093 -10.807347 0.562387 0.022795 -0.066121 -0.277824 0.958082
18.266700 -2.355455 -10.630081 0.635615 0.025556 -0.064142 -0.272895 0.959563
18.300100 -2.272664 -10.451321 0.700908 0.026961 -0.060977 -0.267985 0.961113
18.333400 -2.192239 -10.273026 0.757640 0.028881 -0.058361 -0.263035 0.962586
18.366700 -2.112939 -10.093293 0.804629 0.031040 -0.055697 -0.258050 0.964025
18.400100 -2.034480 -9.911868 0.842383 0.032420 -0.052862 -0.253306 0.965397
18.433400 -1.958488 -9.730024 0.869111 0.034619 -0.050062 -0.248527 0.966711
18.466700 -1.883284 -9.546120 0.885103 0.036330 -0.047349 -0.243495 0.968064
18.500100 -1.808456 -9.361782 0.891054 0.037367 -0.043789 -0.238702 0.969385
18.533400 -1.735803 -9.175901 0.885542 0.039364 -0.040904 -0.233547 0.970687
18.566700 -1.664343 -8.989126 0.869161 0.040943 -0.037643 -0.228623 0.971925
18.600100 -1.594162 -8.800755 0.841879 0.042652 -0.034710 -0.223655 0.973116
18.633400 -1.524328 -8.612553 0.804108 0.043454 -0.031119 -0.218487 0.974375
18.666700 -1.458112 -8.422447 0.756398 0.044789 -0.027945 -0.213844 0.975440
18.700100 -1.392745 -8.231060 0.698892 0.045689 -0.024320 -0.208909 0.976564
18.733400 -1.327910 -8.039936 0.632699 0.046906 -0.020811 -0.203921 0.977642
18.766700 -1.264124 -7.848363 0.559129 0.047688 -0.017508 -0.198917 0.978699
18.800100 -1.202948 -7.655297 0.478160 0.048911 -0.014021 -0.193995 0.979682
18.833400 -1.143640 -7.462249 0.390324 0.049642 -0.010429 -0.188917 0.980682
18.866700 -1.085458 -7.267886 0.297038 0.049230 -0.006714 -0.184047 0.981661
18.900100 -1.028310 -7.072405 0.198957 0.050543 -0.003238 -0.179106 0.982525
18.933400 -0.972078 -6.877186 0.097974 0.051186 0.000176 -0.173859 0.983439
18.966700 -0.919032 -6.680648 -0.004862 0.051080 0.003727 -0.169079 0.984271
19.000100 -0.866972 -6.482660 -0.109603 0.051081 0.007311 -0.164009 0.985108
19.033400 -0.816187 -6.284313 -0.212831 0.051820 0.010870 -0.159108 0.985840
19.066700 -0.767394 -6.085413 -0.315839 0.052031 0.014377 -0.153863 0.986617
19.100100 -0.718491 -5.884170 -0.415534 0.052038 0.018072 -0.148863 0.987322
19.133400 -0.672892 -5.683970 -0.513283 0.051574 0.021518 -0.143650 0.988049
19.166700 -0.628939 -5.482733 -0.606536 0.051897 0.024810 -0.138835 0.988643
19.200100 -0.586128 -5.280668 -0.694217 0.051905 0.028261 -0.133923 0.989228
19.233400 -0.544929 -5.078392 -0.775189 0.051747 0.031722 -0.128677 0.989827
19.266700 -0.505393 -4.875571 -0.848702 0.050729 0.035042 -0.123659 0.990408
19.300000 -0.467515 -4.672326 -0.914261 0.050065 0.038462 -0.118691 0.990922
19.333400 -0.430293 -4.467634 -0.969895 0.050093 0.041576 -0.113466 0.991407
19.366700 -0.395471 -4.262721 -1.016818 0.048853 0.044969 -0.108220 0.991907
19.400000 -0.362183 -4.057529 -1.053846 0.047611 0.048148 -0.103099 0.992364
19.433400 -0.330781 -3.850773 -1.080562 0.047320 0.051065 -0.098050 0.992743
19.466700 -0.300685 -3.644916 -1.095904 0.046846 0.053966 -0.092947 0.993103
19.500000 -0.272452 -3.437676 -1.101010 0.045953 0.057298 -0.087651 0.993440
19.533400 -0.246153 -3.230508 -1.095692 0.044229 0.060211 -0.082460 0.993790
19.566700 -0.221121 -3.023010 -1.079408 0.042765 0.062985 -0.077298 0.994097
19.600000 -0.198030 -2.815535 -1.052168 0.041455 0.065828 -0.072160 0.994355
19.633400 -0.176308 -2.607206 -1.014577 0.039710 0.068486 -0.066935 0.994612
19.666700 -0.156490 -2.399889 -0.967041 0.038827 0.071027 -0.061577 0.994814
19.700000 -0.138042 -2.191224 -0.910588 0.037531 0.073643 -0.056109 0.994997
19.733400 -0.121491 -1.981963 -0.844647 0.035702 0.076002 -0.051040 0.995160
19.766700 -0.106225 -1.772763 -0.771068 0.034571 0.078318 -0.045675 0.995281
19.800000 -0.092532 -1.564401 -0.690293 0.033235 0.080517 -0.040654 0.995369
19.833400 -0.080775 -1.354322 -0.602749 0.030872 0.082677 -0.035126 0.995479
19.866700 -0.070530 -1.145066 -0.510017 0.028830 0.084600 -0.029936 0.995548
19.900000 -0.061372 -0.935872 -0.412886 0.027231 0.086552 -0.024630 0.995570
19.933400 -0.054249 -0.725947 -0.312042 0.024691 0.088297 -0.019422 0.995599
19.966700 -0.048329 -0.516609 -0.209205 0.022961 0.090080 -0.014129 0.995570
