0.500000 -0.123009 2.633946 0.723934 0.034417 0.053974 0.098013 0.993124
0.533333 -0.137847 2.833897 0.713023 0.033682 0.058252 0.084362 0.994161
0.566667 -0.161087 3.033094 0.691708 0.014604 0.092577 0.114504 0.988992
0.600000 -0.186501 3.231978 0.660112 -0.000995 0.111826 0.127721 0.985485
0.633333 -0.219975 3.429968 0.617365 0.001430 0.139082 0.154706 0.978121
0.666667 -0.247539 3.628107 0.566219 -0.004759 0.142957 0.157152 0.977161
0.700000 -0.276928 3.826683 0.507293 -0.017106 0.165222 0.192722 0.967092
0.733334 -0.306730 4.025373 0.440832 -0.000820 0.170870 0.189033 0.966990
0.766667 -0.338235 4.222893 0.366171 -0.003422 0.175319 0.203603 0.963222
0.800000 -0.376281 4.419905 0.284798 -0.011863 0.163651 0.214541 0.962834
0.833334 -0.409558 4.617523 0.196388 -0.011799 0.161542 0.221072 0.961713
0.866667 -0.442401 4.814247 0.102210 -0.018425 0.178457 0.230626 0.956360
0.900000 -0.475764 5.012385 0.003655 -0.025965 0.180325 0.237758 0.954086
0.933334 -0.508782 5.210905 -0.098181 -0.017287 0.170554 0.241423 0.955158
0.966667 -0.542447 5.408468 -0.202212 -0.002845 0.170295 0.246690 0.954010
1.000000 -0.576598 5.606719 -0.306905 -0.003238 0.164409 0.254544 0.952978
1.033330 -0.599328 5.806720 -0.413265 -0.009798 0.172628 0.261520 0.949585
1.066670 -0.683600 5.986052 -0.534627 -0.011076 0.153880 0.262801 0.952436
1.100000 -0.729021 6.181713 -0.641223 -0.016328 0.143282 0.273430 0.951020
1.133330 -0.972257 6.256877 -0.846325 -0.020158 0.121849 0.286738 0.950015
1.166670 -1.029893 6.447578 -0.950876 -0.007140 0.145898 0.295836 0.944004
1.200000 -1.175215 6.516345 -1.180754 -0.010642 0.130278 0.347604 0.928486
1.233330 -1.212910 6.696276 -1.283900 -0.003521 0.133234 0.369598 0.919583
1.266670 -1.352067 6.625749 -1.576474 -0.005516 0.141328 0.384694 0.912144
1.300000 -1.443524 6.768528 -1.696813 0.011575 0.175446 0.381376 0.907545
1.333330 -1.517360 6.942202 -1.784457 -0.011612 0.188365 0.393252 0.899854
1.366670 -1.590005 7.115153 -1.863590 -0.004629 0.222757 0.400542 0.888777
1.400000 -1.657380 7.286615 -1.933229 0.002912 0.247897 0.429162 0.868538
1.433330 -1.696315 7.450910 -2.004543 0.006521 0.241111 0.482731 0.841899
1.466670 -1.752910 7.616052 -2.058458 -0.014993 0.238973 0.499573 0.832523
1.500000 -1.805490 7.773865 -2.108081 -0.004374 0.244502 0.510127 0.824603
1.533330 -1.854286 7.922543 -2.157028 -0.006390 0.238283 0.529689 0.814009
1.566670 -1.892212 8.083405 -2.187159 0.026746 0.239084 0.539275 0.807035
1.600000 -1.920941 8.225755 -2.226075 0.015616 0.239906 0.540118 0.806520
1.633330 -1.952542 8.394513 -2.233089 -0.000164 0.255698 0.550928 0.794416
1.666670 -1.996015 8.559287 -2.234358 0.000578 0.235053 0.553073 0.799287
1.700000 -2.011449 8.731318 -2.225173 0.006931 0.251967 0.541062 0.802319
1.733330 -2.020676 8.903131 -2.208667 0.010840 0.275861 0.569876 0.773967
1.766670 -2.022831 9.075190 -2.185222 0.004756 0.284203 0.585930 0.758875
1.800000 -2.018902 9.246315 -2.156261 0.020163 0.300926 0.584823 0.753006
1.833330 -2.042172 9.409168 -2.125710 0.031378 0.285444 0.597180 0.748941
1.866670 -2.032899 9.579007 -2.089254 0.033494 0.282072 0.615653 0.735041
1.900000 -2.014387 9.749148 -2.048973 0.031403 0.286862 0.641765 0.710536
1.933330 -1.986434 9.922166 -2.005266 0.039979 0.302535 0.649190 0.696726
1.966670 -1.953333 10.095480 -1.960511 0.057042 0.310132 0.647549 0.693718
2.000000 -1.909500 10.269083 -1.919636 0.066850 0.307403 0.657696 0.684449
2.033330 -1.864029 10.440596 -1.882092 0.067034 0.296242 0.654146 0.692704
2.066670 -1.823770 10.599217 -1.876484 0.068162 0.302311 0.656673 0.687563
2.100000 -1.773222 10.765155 -1.844646 0.060942 0.292686 0.673462 0.676070
2.133330 -1.720258 10.930977 -1.817280 0.071748 0.294001 0.689751 0.657768
2.166670 -1.657171 11.099717 -1.795405 0.070516 0.300150 0.703053 0.640823
2.200000 -1.594856 11.266136 -1.779589 0.107226 0.283878 0.731955 0.610048
2.233330 -1.532090 11.429762 -1.771998 0.087702 0.280410 0.752368 0.589593
2.266670 -1.467574 11.592641 -1.773863 0.098423 0.269188 0.762711 0.579761
2.300000 -1.402855 11.753778 -1.783316 0.083050 0.272255 0.779176 0.558449
2.333330 -1.335082 11.912660 -1.800826 0.087201 0.252592 0.786212 0.557192
2.366670 -1.266528 12.069182 -1.827520 0.093637 0.242875 0.794125 0.549189
2.400000 -1.189970 12.224545 -1.863112 0.105734 0.255474 0.799138 0.533790
2.433330 -1.120064 12.378411 -1.907869 0.109280 0.282522 0.798740 0.519859
2.466670 -1.049588 12.531178 -1.964291 0.114770 0.280088 0.808645 0.504451
2.500000 -0.978349 12.682712 -2.032245 0.130556 0.260020 0.814034 0.502686
2.533330 -0.905199 12.832050 -2.111586 0.128907 0.273825 0.814380 0.495165
2.566670 -0.831826 12.979876 -2.206426 0.131867 0.282283 0.822858 0.475218
2.600000 -0.771563 13.125321 -2.312836 0.121209 0.288028 0.821868 0.476321
2.633330 -0.710209 13.267764 -2.430173 0.131302 0.288317 0.828460 0.461830
2.666670 -0.637541 13.408105 -2.558900 0.124325 0.284398 0.833172 0.457695
2.700000 -0.579139 13.547652 -2.698784 0.136108 0.290097 0.835030 0.447261
2.733330 -0.518377 13.686257 -2.849077 0.153396 0.277999 0.839489 0.440959
2.766670 -0.459668 13.827530 -3.009167 0.151885 0.283591 0.844571 0.428028
2.800000 -0.405581 13.968239 -3.178391 0.161652 0.293747 0.842753 0.421129
2.833330 -0.320879 14.101343 -3.349481 0.150934 0.293159 0.844272 0.422470
2.866670 -0.233608 14.235450 -3.527100 0.167017 0.291439 0.862356 0.378828
2.900000 -0.139851 14.370972 -3.711392 0.174751 0.302404 0.861842 0.367752
2.933330 -0.038522 14.508084 -3.902108 0.193033 0.310317 0.871963 0.325764
2.966670 0.097849 14.638295 -4.104109 0.218358 0.325007 0.857960 0.332557
3.000000 0.051842 14.852567 -4.308246 0.209776 0.338017 0.869673 0.292244
3.033330 0.169545 15.000048 -4.513834 0.228067 0.345737 0.865389 0.282051
3.066670 0.295563 15.152850 -4.724073 0.231739 0.329504 0.873199 0.274312
3.100000 0.422983 15.314601 -4.937456 0.194379 0.317730 0.885434 0.277976
3.133330 0.543358 15.490712 -5.152071 0.191267 0.313799 0.897508 0.243775
3.166670 0.687237 15.666779 -5.368408 0.197720 0.321532 0.894551 0.239380
3.200000 0.844738 15.847945 -5.585655 0.205010 0.328811 0.896572 0.214504
3.233330 1.014636 16.037072 -5.805183 0.221402 0.347878 0.890029 0.194447
3.266660 1.196331 16.235743 -6.025748 0.227566 0.344637 0.895908 0.163673
3.300000 1.379260 16.451396 -6.247133 0.227813 0.344139 0.897586 0.154945
3.333330 1.579790 16.672867 -6.465631 0.214826 0.350411 0.900219 0.143764
3.366660 1.776435 16.918157 -6.681654 0.209782 0.337503 0.906909 0.139994
3.400000 1.995949 17.169421 -6.895787 0.198664 0.324641 0.916097 0.126121
3.433330 2.229509 17.431420 -7.107557 0.182315 0.346746 0.914119 0.104477
3.466660 2.473100 17.707025 -7.317627 0.205568 0.342813 0.912950 0.082115
3.500000 2.726545 17.996117 -7.523518 0.198637 0.349360 0.912324 0.078453
3.533330 2.962011 18.322163 -7.726931 0.194323 0.350096 0.915023 0.049031
3.566660 3.225606 18.646046 -7.926894 0.185355 0.339125 0.922126 0.017893
3.600000 3.499642 18.984283 -8.124037 0.185210 0.357659 0.915265 -0.008220
3.633330 3.780430 19.339557 -8.318829 0.204883 0.367860 0.906796 -0.020583
3.666660 4.022445 19.746109 -8.512704 0.210452 0.370426 0.904220 -0.029671
3.700000 4.298502 20.144128 -8.708066 0.208852 0.391156 0.893907 -0.065632
3.733330 4.573380 20.562909 -8.905019 0.206793 0.400507 0.889115 -0.079406
3.766660 4.868634 20.984320 -9.102882 0.235966 0.393989 0.881144 -0.112600
3.800000 5.174243 21.417273 -9.300753 0.248797 0.409446 0.865998 -0.143184
3.833330 5.483745 21.863518 -9.501646 0.244110 0.395619 0.869907 -0.164797
3.866660 5.797082 22.321393 -9.703392 0.256472 0.405073 0.861186 -0.168810
3.900000 6.115173 22.790635 -9.908642 0.239183 0.425750 0.856011 -0.169631
3.933330 6.437671 23.271987 -10.117819 0.203421 0.429027 0.862358 -0.175770
3.966660 6.762318 23.766057 -10.332238 0.207137 0.424905 0.855231 -0.212438
4.000000 7.090736 24.271314 -10.551207 0.218972 0.435734 0.848421 -0.205839
4.033330 7.262724 24.901876 -10.776805 0.181560 0.436192 0.848835 -0.237176
4.066660 7.556348 25.450995 -11.009067 0.183146 0.457918 0.837072 -0.236809
4.100000 7.794864 26.046174 -11.248061 0.175616 0.449949 0.836384 -0.259165
4.133330 8.105428 26.598725 -11.494625 0.173853 0.443325 0.836261 -0.271855
4.166660 8.428033 27.149520 -11.749207 0.195705 0.451780 0.826779 -0.272085
4.200000 8.751756 27.704902 -12.012896 0.203832 0.445174 0.824102 -0.284831
4.233330 9.077267 28.261995 -12.286341 0.201672 0.458326 0.803023 -0.323141
4.266660 9.403085 28.821754 -12.569344 0.212833 0.457944 0.800413 -0.323001
4.300000 9.729912 29.385374 -12.861763 0.209884 0.442234 0.798802 -0.349705
4.333330 10.057741 29.951487 -13.164483 0.218540 0.432321 0.791576 -0.372486
4.366660 10.387750 30.519356 -13.478364 0.208346 0.445092 0.767549 -0.411525
4.400000 10.691658 31.106680 -13.804640 0.202627 0.447929 0.749055 -0.444092
4.433330 11.010683 31.686864 -14.141352 0.222168 0.428012 0.731728 -0.481685
4.466660 11.334157 32.266510 -14.490132 0.254643 0.432595 0.716156 -0.484911
4.500000 11.663386 32.843331 -14.853244 0.241621 0.423890 0.729146 -0.479879
4.533330 11.994216 33.421019 -15.229880 0.239621 0.406119 0.728830 -0.496443
4.566660 12.329829 33.999737 -15.618829 0.237230 0.418905 0.723091 -0.495359
4.600000 12.667315 34.582195 -16.020854 -0.235928 -0.387639 -0.721699 0.522709
4.633330 12.813848 35.281472 -16.436485 -0.224742 -0.393396 -0.707970 0.541764
4.666660 13.141263 35.873575 -16.864559 -0.241316 -0.385438 -0.701049 0.549304
4.700000 13.473549 36.466191 -17.303268 -0.250683 -0.394215 -0.679526 0.565683
4.733330 13.806952 37.061384 -17.753241 -0.250938 -0.407748 -0.663721 0.574670
4.766660 14.141655 37.658952 -18.213623 -0.275507 -0.393295 -0.636397 0.603667
4.800000 14.476333 38.261847 -18.682554 -0.264296 -0.393895 -0.606658 0.637935
4.833330 14.810766 38.870187 -19.162077 -0.265039 -0.387949 -0.587181 0.659143
4.866660 15.143414 39.483050 -19.651250 -0.251751 -0.386723 -0.574906 0.675685
4.900000 15.474194 40.101258 -20.148568 -0.250835 -0.377051 -0.563336 0.691062
4.933330 15.803459 40.725473 -20.653198 -0.252074 -0.373053 -0.568042 0.688925
4.966660 16.130603 41.356298 -21.165697 -0.238533 -0.363735 -0.567726 0.698918
5.000000 16.456715 41.995036 -21.683463 -0.247507 -0.369219 -0.549624 0.707340
5.033330 16.780165 42.642318 -22.206036 -0.252376 -0.360523 -0.540969 0.716716
5.066660 17.101150 43.297906 -22.732932 -0.227315 -0.348603 -0.514000 0.750072
5.100000 17.417625 43.961791 -23.262886 -0.199425 -0.344181 -0.503545 0.766949
5.133330 17.730862 44.633663 -23.794444 -0.197520 -0.326307 -0.483005 0.788172
5.166660 18.040792 45.315258 -24.325433 -0.197800 -0.309455 -0.453629 0.811993
5.200000 18.346389 46.006943 -24.854632 -0.188518 -0.311671 -0.441626 0.819932
5.233330 18.646235 46.708953 -25.380006 -0.189682 -0.314183 -0.421704 0.829141
5.266660 18.942348 47.422139 -25.900804 -0.187570 -0.317346 -0.402998 0.837676
5.300000 19.233096 48.145330 -26.418466 -0.194147 -0.308391 -0.404287 0.838900
5.333330 19.519420 48.879744 -26.933194 -0.184578 -0.301360 -0.402529 0.844443
5.366660 19.799477 49.625294 -27.444024 -0.182367 -0.287161 -0.385985 0.857494
5.400000 20.073330 50.383159 -27.948658 -0.178694 -0.288344 -0.359145 0.869449
5.433330 20.339169 51.153346 -28.447240 -0.175754 -0.260656 -0.328141 0.890782
5.466660 20.599981 51.935514 -28.939132 -0.181395 -0.255908 -0.326287 0.891708
5.500000 20.856437 52.729023 -29.424210 -0.177323 -0.236514 -0.309816 0.903677
5.533330 21.106026 53.533205 -29.902814 -0.151850 -0.247220 -0.289505 0.912146
5.566660 21.350315 54.348113 -30.374419 -0.167053 -0.240761 -0.267764 0.917840
5.600000 21.587808 55.173632 -30.837645 -0.157461 -0.209554 -0.271256 0.926128
5.633330 21.820389 56.008806 -31.292791 -0.139882 -0.217623 -0.254631 0.931792
5.666660 22.047895 56.852976 -31.741632 -0.146825 -0.231275 -0.228297 0.934256
5.700000 22.269023 57.706647 -32.185317 -0.161616 -0.207073 -0.204866 0.942884
5.733330 22.485320 58.568662 -32.624676 -0.137294 -0.201339 -0.192006 0.950656
5.766660 22.697283 59.439165 -33.058860 -0.126342 -0.183673 -0.187711 0.956591
5.800000 22.904565 60.317764 -33.488077 -0.119595 -0.165599 -0.174934 0.963157
5.833330 23.106944 61.202170 -33.913552 -0.101794 -0.178891 -0.165159 0.964551
5.866660 23.304466 62.092332 -34.335681 -0.104895 -0.198218 -0.150060 0.962906
5.900000 23.496320 62.988496 -34.756694 -0.103429 -0.172193 -0.130747 0.970854
5.933330 23.681652 63.888821 -35.176868 -0.123734 -0.181166 -0.124687 0.967637
5.966660 23.861400 64.794874 -35.597307 -0.111862 -0.176705 -0.091122 0.973632
6.000000 24.035923 65.705886 -36.018729 -0.101114 -0.157310 -0.057727 0.980662
6.033330 24.206016 66.620553 -36.441182 -0.090959 -0.137936 -0.027292 0.985878
6.066660 24.373272 67.538096 -36.865365 -0.104656 -0.150730 -0.014514 0.982913
6.100000 24.537610 68.458921 -37.292586 -0.102817 -0.141652 0.023798 0.984275
6.133330 24.698720 69.381762 -37.724296 -0.080213 -0.127512 0.040358 0.987764
6.166660 24.855675 70.304961 -38.161608 -0.085362 -0.121803 0.073594 0.986135
6.200000 25.007689 71.227055 -38.606013 -0.078062 -0.112433 0.103218 0.985196
6.233330 25.155641 72.149947 -39.057858 -0.058956 -0.099889 0.097710 0.988433
6.266660 25.300318 73.072655 -39.517822 -0.066374 -0.076085 0.097033 0.990146
6.300000 25.440749 73.995254 -39.986042 -0.053327 -0.071616 0.087992 0.992111
6.333330 25.579934 74.917964 -40.463450 -0.045699 -0.074427 0.096396 0.991504
6.366660 25.716815 75.840833 -40.951326 -0.035832 -0.097083 0.114046 0.988071
6.400000 25.852248 76.763103 -41.450017 -0.059954 -0.098689 0.115506 0.986572
6.433330 25.986259 77.685001 -41.960988 -0.058570 -0.094167 0.128704 0.985463
6.466660 26.121112 78.607470 -42.483135 -0.063709 -0.101602 0.145549 0.982056
6.500000 26.255471 79.528431 -43.016606 -0.071996 -0.080825 0.168083 0.979812
6.533330 26.388102 80.448653 -43.561822 -0.070743 -0.090892 0.159126 0.980517
6.566660 26.518889 81.368138 -44.118888 -0.058200 -0.075035 0.168138 0.981179
6.600000 26.647204 82.287268 -44.688315 -0.057776 -0.064854 0.182627 0.979338
6.633330 26.772108 83.205210 -45.268884 -0.053811 -0.033750 0.191943 0.979348
6.666660 26.894227 84.122185 -45.860064 -0.056231 -0.025869 0.198218 0.978202
6.700000 27.014735 85.038550 -46.462496 -0.071532 -0.022715 0.215934 0.973519
6.733330 27.132114 85.953592 -47.074343 -0.068380 -0.024531 0.232265 0.969936
6.766660 27.245953 86.867462 -47.694099 -0.066029 -0.028868 0.269917 0.960183
6.799990 27.357340 87.781170 -48.321149 -0.026510 -0.012308 0.313289 0.949208
6.833330 27.466534 88.695109 -48.954659 -0.032550 -0.007362 0.323924 0.945494
6.866660 27.572641 89.607095 -49.595212 -0.027640 -0.000838 0.326733 0.944712
6.899990 27.675358 90.518342 -50.240438 -0.014147 -0.009613 0.346088 0.938046
6.933330 27.775436 91.429967 -50.889218 0.008181 -0.022337 0.358126 0.933370
6.966660 27.871624 92.340660 -51.540840 -0.019407 0.001775 0.379839 0.924847
6.999990 27.966002 93.248816 -52.194588 -0.025171 -0.000071 0.390376 0.920311
7.033330 28.058414 94.157185 -52.848870 -0.050342 -0.021598 0.402458 0.913798
7.066660 28.146764 95.064100 -53.502309 -0.045726 -0.009249 0.415646 0.908329
7.099990 28.230594 95.970073 -54.153190 -0.030132 0.029681 0.424357 0.904507
7.133330 28.310681 96.874459 -54.801419 -0.040481 0.031624 0.422879 0.904729
7.166660 28.387744 97.777328 -55.444994 -0.039578 0.042848 0.418246 0.906459
7.199990 28.461846 98.680395 -56.083898 -0.012472 0.045762 0.442325 0.895600
7.233330 28.534075 99.581805 -56.717698 -0.016151 0.062586 0.473147 0.878609
7.266660 28.603062 100.481242 -57.345293 -0.030090 0.090055 0.456931 0.884420
7.299990 28.669099 101.379923 -57.964283 -0.037248 0.085256 0.463301 0.881304
7.333330 28.732156 102.277596 -58.575011 -0.028330 0.071542 0.481074 0.873297
7.366660 28.794697 103.176139 -59.176023 -0.014249 0.066003 0.495352 0.866064
7.399990 28.855679 104.073734 -59.767837 0.010959 0.070297 0.501675 0.862126
7.433330 28.915105 104.969860 -60.351812 0.014438 0.086874 0.517961 0.850859
7.466660 28.972961 105.861904 -60.925320 0.025644 0.111458 0.513310 0.850548
7.499990 29.030290 106.750640 -61.487850 0.025774 0.139255 0.525766 0.838757
7.533330 29.088272 107.636855 -62.039608 0.040357 0.155751 0.539506 0.826466
7.566660 29.148885 108.520883 -62.580297 0.043506 0.174133 0.543608 0.819924
7.599990 29.212190 109.402865 -63.108965 0.054158 0.196369 0.563616 0.800527
7.633330 29.282087 110.282989 -63.628052 0.037659 0.209210 0.561375 0.799794
7.666660 29.357621 111.160752 -64.138329 0.024423 0.209395 0.562523 0.799453
7.699990 29.439095 112.035422 -64.639177 0.014371 0.193740 0.565853 0.801292
7.733330 29.525298 112.908919 -65.131267 0.012760 0.183258 0.586852 0.788580
7.766660 29.615640 113.781197 -65.616584 -0.007303 0.172969 0.595956 0.784133
7.799990 29.710474 114.651524 -66.096665 -0.008846 0.175043 0.611680 0.771446
7.833330 29.808129 115.520108 -66.571028 0.007536 0.190902 0.637018 0.746799
7.866660 29.908935 116.387010 -67.039974 0.025935 0.202414 0.647331 0.734383
7.899990 30.012954 117.252282 -67.504346 0.019148 0.189598 0.658162 0.728361
7.933330 30.119698 118.116219 -67.965929 0.012866 0.185060 0.653324 0.733999
7.966660 30.229189 118.978936 -68.425000 0.012793 0.187826 0.662637 0.724893
7.999990 30.341681 119.838072 -68.883243 0.021060 0.190320 0.644654 0.740106
8.033330 30.456582 120.695309 -69.341850 0.004168 0.186818 0.654620 0.732498
8.066660 30.574037 121.551745 -69.802831 0.007642 0.224614 0.656530 0.720040
8.099990 30.694615 122.407864 -70.265407 0.008394 0.215490 0.656106 0.723200
8.133330 30.815596 123.263209 -70.730259 -0.006982 0.219789 0.678482 0.700932
8.166660 30.938298 124.117735 -71.198908 -0.015747 0.231046 0.689990 0.685772
8.200000 31.063269 124.971784 -71.672870 -0.014081 0.251926 0.699759 0.668335
8.233330 31.189634 125.825308 -72.154584 -0.025230 0.236689 0.709593 0.663189
8.266660 31.314379 126.677471 -72.644082 -0.022141 0.234052 0.724955 0.647433
8.300000 31.439408 127.526772 -73.141688 -0.014634 0.238880 0.743857 0.624018
8.333330 31.563970 128.373606 -73.647845 -0.034502 0.223783 0.749015 0.622662
8.366660 31.689605 129.219297 -74.163716 -0.002926 0.224030 0.769973 0.597447
8.400000 31.816150 130.063148 -74.689393 0.005521 0.225481 0.785333 0.576524
8.433330 31.944519 130.904842 -75.226183 0.012322 0.221140 0.795008 0.564719
8.466670 32.072548 131.744298 -75.773407 0.019374 0.231654 0.793167 0.562891
8.500000 32.200887 132.581850 -76.330631 0.013921 0.247344 0.790902 0.559554
8.533330 32.329781 133.416773 -76.901023 0.010279 0.238263 0.807738 0.539152
8.566670 32.459137 134.248811 -77.483751 0.005531 0.244960 0.812700 0.528661
8.600000 32.589677 135.078923 -78.075432 0.021186 0.250105 0.823705 0.508437
8.633340 32.721501 135.906999 -78.675638 0.037924 0.251648 0.835719 0.486630
8.666670 32.856183 136.733341 -79.285535 0.036431 0.252600 0.833363 0.490277
8.700000 32.992362 137.557923 -79.905308 0.034780 0.258791 0.846081 0.464720
8.733340 33.129991 138.381607 -80.533685 0.047040 0.246106 0.862349 0.439970
8.766670 33.269847 139.202969 -81.170953 0.061786 0.244647 0.867281 0.429131
8.800000 33.412765 140.024959 -81.816595 0.065127 0.233579 0.876062 0.416790
8.833340 33.559999 140.847231 -82.468792 0.063393 0.215630 0.888858 0.399270
8.866670 33.710418 141.669127 -83.128298 0.044503 0.233389 0.891462 0.385805
8.900010 33.863996 142.491082 -83.794903 0.069915 0.231545 0.894071 0.377008
8.933340 34.022428 143.311542 -84.465579 0.066226 0.220502 0.897322 0.376571
8.966670 34.185484 144.133222 -85.140024 0.051446 0.216804 0.897656 0.380214
9.000010 34.354912 144.957889 -85.817381 0.050509 0.245685 0.898073 0.361322
9.033340 34.530704 145.784060 -86.497218 0.067398 0.258143 0.890202 0.369271
9.066670 34.713242 146.612305 -87.179405 0.084920 0.233673 0.900907 0.355741
9.100010 34.902741 147.446038 -87.862868 0.076579 0.238552 0.907605 0.336870
9.133340 35.098042 148.284839 -88.544572 0.081769 0.232661 0.904313 0.348426
9.166680 35.299563 149.127849 -89.224483 0.075944 0.225858 0.912445 0.332663
9.200010 35.509014 149.974598 -89.902771 0.091084 0.240443 0.917621 0.303087
9.233340 35.727128 150.826555 -90.577877 0.078618 0.247850 0.925927 0.273950
9.266680 35.953539 151.686800 -91.249916 0.078699 0.270714 0.921392 0.267502
9.300010 36.185849 152.554759 -91.917229 0.060007 0.280025 0.931572 0.223963
9.333340 36.423562 153.432409 -92.579946 0.087434 0.305068 0.927328 0.198373
9.366680 36.668248 154.320200 -93.239358 0.086465 0.319867 0.926902 0.176242
9.400010 36.921384 155.220398 -93.894933 0.090833 0.323009 0.925152 0.177507
9.433350 37.182948 156.134434 -94.546651 0.092313 0.322045 0.925447 0.176955
9.466680 37.453415 157.060938 -95.194349 0.103793 0.303506 0.933477 0.160412
9.500010 37.732078 158.001135 -95.837505 0.111141 0.320808 0.930685 0.136217
9.533350 38.018412 158.955133 -96.477733 0.130920 0.321709 0.930745 0.114356
9.566680 38.311959 159.921677 -97.116799 0.134132 0.335997 0.928116 0.087841
9.600010 38.613633 160.903211 -97.752975 0.144592 0.317921 0.935731 0.049272
9.633350 38.922689 161.898643 -98.386150 0.157478 0.320916 0.933699 0.020481
9.666680 39.237948 162.905418 -99.015646 0.170449 0.323941 0.930580 0.005437
9.700020 39.560853 163.927504 -99.643515 0.172389 0.323725 0.930292 0.006356
9.733350 39.890594 164.963547 -100.269262 0.186016 0.317865 0.929684 -0.006864
9.766680 40.227312 166.011430 -100.893122 0.192323 0.327628 0.924735 -0.023188
9.800020 40.570279 167.070967 -101.515531 0.191416 0.335239 0.922459 -0.006582
9.833350 40.918933 168.141588 -102.136605 0.199013 0.362126 0.910267 -0.025932
9.866680 41.272502 169.224386 -102.758545 0.204660 0.384820 0.898124 -0.058311
9.900020 41.630767 170.318756 -103.380983 0.228031 0.384513 0.891637 -0.071662
9.933350 41.994080 171.421938 -104.005658 0.242565 0.415831 0.873349 -0.074215
9.966690 42.363167 172.534592 -104.634309 0.279994 0.436081 0.850179 -0.092907
10.000000 42.735815 173.655070 -105.268450 0.284607 0.435424 0.847309 -0.107111
10.033400 43.112727 174.788538 -105.912501 0.300974 0.425968 0.845274 -0.116100
10.066700 43.493749 175.926900 -106.562810 0.303671 0.426842 0.840579 -0.137903
10.100000 43.878147 177.071911 -107.220246 0.317401 0.426911 0.834254 -0.144996
10.133400 44.266635 178.225530 -107.888371 0.314969 0.432409 0.831639 -0.148971
10.166700 44.657084 179.380932 -108.563297 0.320967 0.442334 0.820646 -0.166918
10.200000 45.050407 180.541444 -109.247888 0.319902 0.465379 0.806870 -0.173338
10.233400 45.449300 181.710036 -109.944980 0.342213 0.471614 0.792190 -0.181399
10.266700 45.849899 182.877925 -110.649860 0.349922 0.494094 0.773940 -0.185585
10.300000 46.253011 184.047911 -111.367036 0.356655 0.498804 0.767937 -0.185108
10.333400 46.659227 185.223366 -112.097381 0.368865 0.504859 0.752915 -0.205367
10.366700 47.065709 186.396564 -112.837109 0.376825 0.475967 0.765653 -0.212682
10.400000 47.473177 187.570542 -113.588032 0.383809 0.469450 0.757694 -0.241263
10.433400 47.882125 188.749531 -114.351321 0.387395 0.476440 0.746137 -0.257313
10.466700 48.289403 189.925560 -115.125270 0.386734 0.472796 0.745336 -0.267162
10.500000 48.696806 191.100786 -115.912302 0.378817 0.465405 0.750661 -0.276412
10.533400 49.104055 192.280951 -116.714205 0.402005 0.446099 0.737048 -0.310078
10.566700 49.509632 193.458242 -117.526713 0.395187 0.449513 0.730767 -0.328245
10.600000 49.915256 194.635534 -118.352737 0.396559 0.440994 0.733572 -0.331870
10.633400 50.324209 195.816114 -119.193574 0.376629 0.445566 0.737738 -0.339652
10.666700 50.733776 196.994602 -120.042988 0.373263 0.458027 0.725776 -0.352329
10.700000 51.144401 198.174845 -120.904159 0.376061 0.442846 0.723802 -0.372259
10.733400 51.557598 199.360772 -121.779300 0.365043 0.440532 0.722470 -0.388216
10.766700 51.971887 200.544638 -122.664259 0.390936 0.438871 0.695158 -0.413904
10.800000 52.389846 201.729807 -123.561461 0.390864 0.437386 0.686360 -0.429916
10.833400 52.810998 202.923739 -124.471782 0.391601 0.440601 0.661422 -0.463725
10.866700 53.232055 204.118609 -125.385938 0.397813 0.444258 0.646307 -0.476095
10.900000 53.654738 205.319413 -126.309120 0.388295 0.438225 0.648902 -0.485914
10.933400 54.079167 206.530792 -127.244363 0.398338 0.428917 0.647862 -0.487475
10.966700 54.501486 207.745764 -128.184612 -0.387280 -0.420299 -0.644717 0.507644
11.000000 54.923654 208.969790 -129.129818 -0.382407 -0.431434 -0.620116 0.532058
11.033400 55.347253 210.207856 -130.085438 -0.362731 -0.448244 -0.602772 0.551515
11.066700 55.768632 211.453811 -131.045429 -0.357295 -0.465156 -0.605949 0.537397
11.100000 56.188803 212.712575 -132.011252 -0.360064 -0.468045 -0.581542 0.559549
11.133400 56.609297 213.988604 -132.985711 -0.360318 -0.465556 -0.572592 0.570584
11.166700 57.026897 215.274583 -133.962598 -0.343292 -0.486636 -0.574542 0.561461
11.200000 57.441423 216.576712 -134.944337 -0.370483 -0.477010 -0.544801 0.581718
11.233400 57.853930 217.899077 -135.933851 -0.364245 -0.474261 -0.533864 0.597823
11.266700 58.261965 219.235460 -136.924217 -0.336159 -0.488753 -0.527189 0.608432
11.300000 58.667047 220.590495 -137.919330 -0.340556 -0.489163 -0.503780 0.625258
11.933400 0.150257 3.009914 0.739765 0.040350 -0.034110 0.079017 0.995472
11.966700 0.146627 3.209630 0.820262 0.033136 -0.026183 0.077941 0.996063
12.000000 0.141163 3.410188 0.901701 0.028980 -0.033314 0.081246 0.995716
12.033400 0.134829 3.612442 0.983409 0.033861 -0.026146 0.075060 0.996261
12.066700 0.127996 3.813175 1.063625 0.054121 -0.023178 0.094399 0.993792
12.100000 0.121403 4.013070 1.142105 0.057452 -0.038023 0.113841 0.991107
12.133400 0.113379 4.213138 1.218398 0.068681 -0.032729 0.124478 0.989301
12.166700 0.103616 4.411782 1.290013 0.065160 -0.015579 0.144473 0.987238
12.200000 0.093337 4.609805 1.356397 0.084820 -0.004126 0.154263 0.984374
12.233400 0.081625 4.807607 1.416765 0.075320 0.000162 0.180316 0.980721
12.266700 0.068607 5.002290 1.470668 0.090174 -0.004587 0.160007 0.982978
12.300100 0.053208 5.197565 1.517155 0.098295 0.001439 0.171162 0.980326
12.333400 0.036763 5.391632 1.555344 0.108151 -0.000183 0.138861 0.984389
12.366700 0.021635 5.583701 1.585353 0.116308 0.004804 0.143136 0.982833
12.400100 0.006362 5.774857 1.606537 0.103418 0.013131 0.161666 0.981324
12.433400 -0.011778 5.964157 1.619076 0.113957 0.017531 0.181945 0.976526
12.466700 -0.032932 6.153704 1.621045 0.117720 0.024778 0.195692 0.973259
12.500100 -0.056208 6.342581 1.611444 0.122198 0.021290 0.194590 0.973010
12.533400 -0.080273 6.530039 1.590842 0.126997 0.039478 0.192907 0.972163
12.566700 -0.105623 6.716811 1.560573 0.143948 0.052155 0.181896 0.971325
12.600100 -0.132723 6.902707 1.518634 0.173294 0.060736 0.181913 0.966017
12.633400 -0.162688 7.086785 1.466365 0.159275 0.077044 0.177519 0.968082
12.666700 -0.194576 7.270431 1.404450 0.175159 0.072210 0.182955 0.964693
12.700100 -0.227740 7.453758 1.334769 0.167677 0.067888 0.187602 0.965443
12.733400 -0.261744 7.633697 1.257061 0.177272 0.070178 0.200277 0.961009
12.766700 -0.296814 7.811750 1.170521 0.156712 0.092970 0.219277 0.958497
12.800100 -0.333870 7.989058 1.077218 0.136259 0.108145 0.235103 0.956276
12.833400 -0.371120 8.164131 0.977342 0.147040 0.106025 0.238023 0.954192
12.866700 -0.408553 8.337518 0.871372 0.148947 0.141208 0.254658 0.945000
12.900100 -0.446433 8.509029 0.760508 0.139835 0.148527 0.247645 0.947131
12.933400 -0.485397 8.676141 0.647325 0.132953 0.166970 0.244236 0.945935
12.966700 -0.523527 8.841133 0.532315 0.142606 0.166702 0.237368 0.946325
13.000100 -0.562525 9.003825 0.415315 0.139462 0.183933 0.226657 0.946227
13.033400 -0.600663 9.163634 0.297455 0.144551 0.180983 0.261673 0.936951
13.066700 -0.637603 9.320988 0.179885 0.148350 0.193201 0.267781 0.932180
13.100100 -0.671177 9.474684 0.063826 0.131513 0.198835 0.249593 0.938548
13.133400 -0.700692 9.624787 -0.048282 0.135556 0.193436 0.249343 0.939167
13.166700 -0.726193 9.771974 -0.155373 0.127608 0.200395 0.250378 0.938546
13.200100 -0.748581 9.915321 -0.257406 0.129593 0.210125 0.252961 0.935448
13.233400 -0.767115 10.055231 -0.353744 0.119264 0.229033 0.249336 0.933355
13.266700 -0.779675 10.190950 -0.443153 0.114473 0.236290 0.245763 0.933094
13.300100 -0.786363 10.323863 -0.524219 0.132803 0.229659 0.235175 0.935047
13.333400 -0.788185 10.453819 -0.596102 0.118624 0.243841 0.225130 0.935835
13.366700 -0.783988 10.580562 -0.659196 0.100072 0.249515 0.238695 0.933141
13.400100 -0.773338 10.704670 -0.712502 0.092368 0.269515 0.253979 0.924297
13.433400 -0.754949 10.825404 -0.756204 0.087256 0.244264 0.273757 0.926163
13.466700 -0.730320 10.943716 -0.788868 0.110842 0.220824 0.314397 0.916573
13.500100 -0.699004 11.058366 -0.812506 0.106197 0.216396 0.333976 0.911238
13.533400 -0.661079 11.169084 -0.826708 0.114599 0.218194 0.328614 0.911741
13.566700 -0.616939 11.275264 -0.831514 0.133339 0.226482 0.318320 0.910823
13.600100 -0.567045 11.377461 -0.825490 0.100495 0.235868 0.323146 0.910958
13.633400 -0.511979 11.475036 -0.811217 0.094535 0.215784 0.331277 0.913650
13.666700 -0.453135 11.568788 -0.786862 0.067153 0.223494 0.326357 0.915987
13.700100 -0.390689 11.659229 -0.753622 0.066722 0.257582 0.336968 0.903135
13.733400 -0.323691 11.746128 -0.712230 0.053678 0.267788 0.341015 0.899509
13.766700 -0.252682 11.833080 -0.662799 0.033601 0.273767 0.351752 0.894535
13.800100 -0.176562 11.917812 -0.607022 0.038351 0.263445 0.360746 0.893862
13.833400 -0.094551 11.999217 -0.545788 0.075675 0.263855 0.351246 0.895142
13.866700 -0.007669 12.077927 -0.480615 0.088262 0.252663 0.360836 0.893403
13.900100 0.084767 12.155393 -0.412790 0.098912 0.251940 0.371838 0.887964
13.933400 0.180391 12.229289 -0.342483 0.082428 0.260111 0.397572 0.876062
13.966700 0.279587 12.299044 -0.270106 0.067113 0.267520 0.401152 0.873502
14.000100 0.381027 12.366339 -0.196660 0.084232 0.269824 0.411304 0.866562
14.033400 0.483987 12.430254 -0.122571 0.095893 0.293146 0.421399 0.852815
14.066700 0.589657 12.490939 -0.050240 0.076796 0.301971 0.433398 0.845625
14.100100 0.698498 12.548198 0.019685 0.087912 0.325224 0.445338 0.829563
14.133400 0.811442 12.604857 0.085681 0.081824 0.314879 0.457558 0.827524
14.166700 0.928375 12.660435 0.149542 0.093711 0.318560 0.460199 0.823380
14.200100 1.048899 12.714415 0.209516 0.106407 0.319679 0.468304 0.816807
14.233400 1.171395 12.767485 0.262412 0.107849 0.307816 0.484377 0.811786
14.266700 1.294534 12.819901 0.306562 0.117210 0.294703 0.497010 0.807708
14.300100 1.417869 12.870436 0.341723 0.121473 0.290045 0.491549 0.812095
14.333400 1.539631 12.919005 0.367573 0.124497 0.297724 0.482605 0.814219
14.366700 1.660572 12.964839 0.383985 0.141359 0.283718 0.481561 0.817080
14.400100 1.781561 13.011197 0.390541 0.145287 0.275821 0.478145 0.821092
14.433400 1.901330 13.056833 0.386218 0.159387 0.281555 0.482524 0.813937
14.466700 2.020523 13.098883 0.370614 0.178374 0.304024 0.460343 0.814762
14.500100 2.139855 13.138554 0.344604 0.177290 0.288839 0.475705 0.811693
14.533400 2.257887 13.176786 0.308425 0.162655 0.269753 0.487025 0.814606
14.566700 2.374715 13.214376 0.260716 0.150261 0.283480 0.478685 0.817265
14.600100 2.490686 13.250485 0.201161 0.141693 0.266748 0.486744 0.819664
14.633400 2.605195 13.285374 0.131469 0.129902 0.258759 0.490511 0.821930
14.666700 2.717882 13.318128 0.051661 0.115266 0.274145 0.516579 0.802935
14.700100 2.829176 13.349638 -0.036750 0.104794 0.270134 0.530926 0.796343
14.733400 2.939083 13.377564 -0.132743 0.115936 0.263415 0.547668 0.785641
14.766800 3.050516 13.403991 -0.238973 0.138696 0.269759 0.556598 0.773429
14.800100 3.162364 13.427607 -0.352964 0.166635 0.278503 0.556788 0.764628
14.833400 3.275756 13.449202 -0.475613 0.191562 0.270833 0.556638 0.761648
14.866800 3.392750 13.468682 -0.605114 0.189360 0.241237 0.574205 0.759102
14.900100 3.514368 13.486481 -0.739233 0.181157 0.246909 0.578522 0.755997
14.933400 3.638660 13.501474 -0.878825 0.182560 0.234512 0.598629 0.743855
14.966800 3.767229 13.512980 -1.025004 0.174354 0.219717 0.625818 0.727789
15.000100 3.901282 13.521121 -1.173804 0.176470 0.191591 0.635806 0.726569
15.033400 4.040386 13.524364 -1.324740 0.184827 0.178468 0.636600 0.727137
15.066800 4.184601 13.524520 -1.477258 0.183166 0.178879 0.658296 0.707884
15.100100 4.336505 13.520603 -1.628220 0.198540 0.174182 0.664884 0.698693
15.133400 4.499034 13.511848 -1.778742 0.178921 0.186476 0.658002 0.707281
15.166800 4.670511 13.498381 -1.928118 0.186810 0.190203 0.664416 0.698195
15.200100 4.850956 13.479615 -2.074470 0.180687 0.181244 0.670939 0.695948
15.233400 5.041479 13.457907 -2.218753 0.180966 0.164734 0.668830 0.701983
15.266800 5.242384 13.432241 -2.359465 0.195366 0.172360 0.666254 0.698734
15.300100 5.453281 13.402269 -2.493341 0.185238 0.179277 0.662292 0.703503
15.333400 5.675414 13.367987 -2.622325 0.208358 0.175686 0.652447 0.707131
15.366800 5.910234 13.328357 -2.746589 0.230907 0.170423 0.660185 0.694114
15.400100 6.156683 13.284019 -2.864469 0.254042 0.177092 0.653980 0.690226
15.433400 6.415599 13.234965 -2.977515 0.270975 0.179052 0.666413 0.671124
15.466800 6.690303 13.180681 -3.086398 0.275784 0.186306 0.663498 0.670077
15.500100 6.978962 13.121548 -3.190858 0.289330 0.175315 0.675595 0.655076
15.533400 7.281383 13.057952 -3.291819 0.292925 0.190916 0.678115 0.646457
15.566800 7.599935 12.988880 -3.389391 0.294854 0.163312 0.672960 0.658419
15.600100 7.932647 12.914445 -3.482174 0.287608 0.151679 0.670112 0.667252
15.633400 8.278775 12.834403 -3.572490 0.288845 0.155726 0.675916 0.659890
15.666800 8.639740 12.748242 -3.660232 0.300480 0.145185 0.682499 0.650253
15.700100 9.012348 12.656136 -3.743792 0.324159 0.145593 0.673361 0.648312
15.733400 9.397496 12.557538 -3.825690 0.310078 0.150623 0.682457 0.644529
15.766800 9.797645 12.451365 -3.905090 0.333267 0.139091 0.686525 0.631087
15.800100 10.210124 12.340630 -3.982332 0.331270 0.132357 0.677492 0.643231
15.833400 10.635825 12.223500 -4.057282 0.333867 0.137862 0.664564 0.654127
15.866800 11.074303 12.099861 -4.132123 0.341511 0.127392 0.663709 0.653171
15.900100 11.521836 11.971732 -4.208115 0.338491 0.111023 0.669710 0.651603
15.933400 11.978309 11.837184 -4.286604 0.350798 0.132070 0.667462 0.643422
15.966800 12.445563 11.696717 -4.367353 0.353641 0.140294 0.659145 0.648678
16.000100 12.918790 11.552837 -4.452368 0.372274 0.147343 0.653228 0.642647
16.033400 13.397880 11.404116 -4.543567 0.356276 0.148507 0.666570 0.637728
16.066800 13.885698 11.251078 -4.637638 0.350609 0.133994 0.666144 0.644493
16.100100 14.378721 11.093799 -4.735988 0.364005 0.116796 0.681554 0.623974
16.133400 14.874819 10.932907 -4.840106 0.369545 0.105261 0.687879 0.615776
16.166800 15.376660 10.768897 -4.952398 0.356531 0.113654 0.698033 0.610506
16.200100 15.880833 10.600890 -5.071471 0.382512 0.125101 0.682177 0.610466
16.233400 16.391050 10.429467 -5.197399 0.378268 0.130296 0.682165 0.612035
16.266800 16.905501 10.253869 -5.333394 0.392646 0.131564 0.690171 0.593451
16.300100 17.421625 10.075396 -5.479575 0.410483 0.137470 0.692494 0.577112
16.333400 17.940154 9.893957 -5.634557 0.424913 0.135991 0.687211 0.573321
16.366800 18.463642 9.708875 -5.799460 0.438927 0.150001 0.679520 0.568415
16.400100 18.986870 9.522317 -5.973919 0.434007 0.150931 0.678258 0.573431
16.433400 19.510596 9.333693 -6.159919 0.427947 0.147951 0.692983 0.561022
16.466800 20.036644 9.143428 -6.359745 0.438526 0.150546 0.689586 0.556329
16.500100 20.563040 8.950906 -6.569169 0.448103 0.143443 0.705707 0.529722
16.533400 21.089366 8.756275 -6.789856 0.489250 0.144924 0.689675 0.513790
16.566800 21.617974 8.558898 -7.020970 0.494432 0.141960 0.681475 0.520554
16.600100 22.143653 8.361387 -7.262318 0.500136 0.120739 0.683603 0.517661
16.633400 22.668954 8.162947 -7.514898 0.486323 0.118373 0.708376 0.497675
16.666800 23.196937 7.963430 -7.779660 0.507972 0.131084 0.708247 0.472406
16.700100 23.724826 7.762841 -8.053825 0.497504 0.124358 0.717525 0.471363
16.733400 24.254226 7.559056 -8.338013 0.499740 0.095695 0.713572 0.481578
16.766800 24.787210 7.352446 -8.632679 0.512176 0.079141 0.711858 0.473994
16.800100 25.320014 7.145022 -8.937264 0.509575 0.068863 0.715136 0.473468
16.833400 25.858894 6.935841 -9.251362 0.500357 0.068073 0.711834 0.488162
16.866800 26.403834 6.722993 -9.575034 0.482319 0.065336 0.717201 0.498720
16.900100 26.951944 6.507768 -9.905833 0.493128 0.082501 0.707544 0.499400
16.933400 27.504929 6.290108 -10.244956 0.492739 0.083374 0.713916 0.490490
16.966800 28.065343 6.068638 -10.593340 0.484243 0.091716 0.711702 0.500577
17.000100 28.631017 5.843537 -10.947017 0.505904 0.094327 0.701889 0.492458
17.033400 29.206333 5.613811 -11.306425 0.491690 0.095072 0.715996 0.486365
17.066700 29.791957 5.380959 -11.670363 0.480035 0.100616 0.724582 0.484173
17.100100 30.389999 5.142657 -12.039932 0.482693 0.080398 0.733087 0.472364
17.133400 30.999404 4.897875 -12.409459 0.494586 0.078514 0.718093 0.483284
17.166700 31.620181 4.646433 -12.780094 0.495180 0.070559 0.732755 0.461399
17.200100 32.256262 4.388788 -13.152827 0.503712 0.078662 0.728545 0.457502
17.233400 32.904116 4.127629 -13.526132 0.478250 0.071063 0.738251 0.470332
17.266700 33.566579 3.861555 -13.900246 0.470274 0.067333 0.738395 0.478625
17.300100 34.246270 3.589022 -14.275349 0.470556 0.061646 0.739673 0.477138
17.333400 34.938399 3.311406 -14.648667 0.473419 0.065069 0.744539 0.466157
17.366700 35.645579 3.028516 -15.019482 0.493347 0.069956 0.742466 0.447727
17.400100 36.372500 2.740093 -15.389611 0.505193 0.080561 0.743679 0.430386
17.433400 37.114582 2.448381 -15.757858 0.508861 0.066581 0.734325 0.444291
17.466700 37.873050 2.150574 -16.124454 0.510013 0.054449 0.739078 0.436677
17.500100 38.651860 1.845909 -16.490944 0.506145 0.056133 0.743151 0.434044
17.533400 39.446770 1.536196 -16.856124 0.496231 0.068995 0.755641 0.421901
17.566700 40.258806 1.221694 -17.219909 0.500589 0.078352 0.760844 0.405448
17.600100 41.090890 0.899836 -17.583156 0.501621 0.075776 0.756885 0.412019
17.633400 41.938057 0.573241 -17.944272 0.504360 0.082746 0.750043 0.419774
17.666700 42.801842 0.242242 -18.303875 0.519829 0.081786 0.731800 0.433080
17.700100 43.684688 -0.095932 -18.664602 0.532603 0.087492 0.734362 0.411573
17.733400 44.581432 -0.438171 -19.024183 0.535645 0.088534 0.734931 0.406352
17.766700 45.493336 -0.787026 -19.384754 0.556553 0.074785 0.723075 0.402266
17.800100 46.421755 -1.142908 -19.749254 0.560649 0.076919 0.720764 0.400320
17.833400 47.360498 -1.503356 -20.115842 0.566407 0.076420 0.720089 0.393465
17.866700 48.312288 -1.868051 -20.485610 0.567329 0.091722 0.711576 0.404208
17.900100 49.279341 -2.239489 -20.860614 0.568810 0.084311 0.705258 0.414677
17.933400 50.255100 -2.615048 -21.238706 0.559398 0.098026 0.710772 0.415053
17.966700 51.242707 -2.995286 -21.622278 0.555497 0.084129 0.711490 0.422053
18.000100 52.244141 -3.382139 -22.012982 0.553537 0.096072 0.721832 0.404136
18.033400 53.251992 -3.773344 -22.409058 0.542734 0.104733 0.728779 0.404169
18.066700 54.267616 -4.169239 -22.812135 0.543681 0.096567 0.733400 0.396497
18.100100 55.293002 -4.569298 -23.225731 0.542397 0.117238 0.736403 0.387002
18.133400 56.320631 -4.971663 -23.647499 0.528035 0.112821 0.754163 0.373751
18.166700 57.353264 -5.379178 -24.078163 0.520054 0.117577 0.757590 0.376534
18.200100 58.392449 -5.790672 -24.518828 0.527915 0.100060 0.760281 0.365057
18.233400 59.432222 -6.203552 -24.968258 0.530188 0.122306 0.756051 0.363769
18.266700 60.473460 -6.619300 -25.428205 0.527143 0.115047 0.752124 0.378410
18.300100 61.520268 -7.038808 -25.899598 0.519853 0.130174 0.754854 0.378157
18.333400 62.566579 -7.460655 -26.379986 0.510098 0.131267 0.764478 0.371675
18.366700 63.615364 -7.884575 -26.871192 0.504584 0.105406 0.766754 0.382586
18.400100 64.668723 -8.309311 -27.374678 0.512165 0.116512 0.770819 0.360485
18.433400 65.720940 -8.733539 -27.890692 0.514840 0.160664 0.764127 0.353888
18.466700 66.773861 -9.160375 -28.420656 0.502797 0.162938 0.775227 0.345932
18.500100 67.828678 -9.589484 -28.965926 0.507961 0.159216 0.774499 0.341727
18.533400 68.880470 -10.019268 -29.522237 0.480672 0.170274 0.790937 0.338200
18.566700 69.932694 -10.451676 -30.090483 0.469511 0.183367 0.789067 0.351155
18.600100 70.988387 -10.887036 -30.671706 0.460074 0.174855 0.790305 0.364931
18.633400 72.041787 -11.323395 -31.262759 0.463864 0.158127 0.795793 0.355724
18.666700 73.096534 -11.762434 -31.864256 0.455225 0.158252 0.804611 0.346882
18.700100 74.155901 -12.204450 -32.477706 0.454382 0.157629 0.813974 0.325785
18.733400 75.214965 -12.646493 -33.099708 0.436299 0.142662 0.821259 0.338858
18.766700 76.279103 -13.091693 -33.731411 0.445762 0.148339 0.821432 0.323329
18.800100 77.351990 -13.542559 -34.373282 0.437782 0.152667 0.827147 0.317598
18.833400 78.424926 -13.994718 -35.020727 0.439204 0.144160 0.827201 0.319463
18.866700 79.501161 -14.447734 -35.677429 0.423214 0.143047 0.839148 0.310253
18.900100 80.585461 -14.903735 -36.345310 0.434918 0.133360 0.831721 0.318280
18.933400 81.671827 -15.360242 -37.018206 0.424958 0.128516 0.839690 0.312752
18.966700 82.764764 -15.819305 -37.696800 0.426925 0.115073 0.841385 0.310748
19.000100 83.869785 -16.283872 -38.384143 0.448202 0.123909 0.822725 0.326933
19.033400 84.979593 -16.749855 -39.076186 0.457540 0.115943 0.821297 0.320446
19.066700 86.098682 -17.219729 -39.774072 0.427113 0.112119 0.841351 0.311660
19.100100 87.231041 -17.695023 -40.478107 0.431489 0.103986 0.842157 0.306227
19.133400 88.372068 -18.173749 -41.184007 0.416294 0.105685 0.859011 0.278623
19.166700 89.526257 -18.657293 -41.892295 0.393937 0.109414 0.872704 0.266890
19.200100 90.698066 -19.145014 -42.603748 0.409237 0.106385 0.867357 0.262486
19.233400 91.881631 -19.634938 -43.314767 0.403133 0.094205 0.874576 0.252442
19.266700 93.080887 -20.128513 -44.026565 0.405584 0.099375 0.873526 0.250157
19.300000 94.295136 -20.625781 -44.737555 0.399223 0.069784 0.880205 0.246961
19.333400 95.530220 -21.126899 -45.449515 0.396748 0.092301 0.871494 0.273073
19.366700 96.777808 -21.630014 -46.158947 0.387221 0.095576 0.873859 0.278022
19.400000 98.042491 -22.137106 -46.867654 0.358916 0.085065 0.884132 0.286799
19.433400 99.327298 -22.648765 -47.576251 0.360322 0.111606 0.869678 0.318390
19.466700 100.624067 -23.163179 -48.279878 0.339869 0.108005 0.881544 0.309360
19.500000 101.935645 -23.681387 -48.979349 0.336393 0.099797 0.891374 0.286938
19.533400 103.266423 -24.205543 -49.676738 0.342904 0.114453 0.893690 0.265775
19.566700 104.609333 -24.730775 -50.369311 0.336228 0.117190 0.897249 0.261077
19.600000 105.968550 -25.258689 -51.060600 0.339666 0.095618 0.896489 0.267940
19.633400 107.347840 -25.793007 -51.751306 0.350407 0.087538 0.895855 0.258835
19.666700 108.739526 -26.329140 -52.437949 0.363734 0.089055 0.895158 0.241781
19.700000 110.149534 -26.869392 -53.121589 0.350400 0.093182 0.900143 0.241411
19.733400 111.580387 -27.415422 -53.806679 0.349923 0.096577 0.901872 0.234208
19.766700 113.020713 -27.964152 -54.488639 0.355202 0.091097 0.899486 0.237606
19.800000 114.475205 -28.515736 -55.170253 0.334066 0.080020 0.910584 0.229855
19.833400 115.946460 -29.072491 -55.855669 0.331718 0.086001 0.909873 0.233876
19.866700 117.424368 -29.630922 -56.540000 0.331999 0.084341 0.911800 0.226459
19.900000 118.915450 -30.191625 -57.225785 0.340704 0.060172 0.911376 0.222921
19.933400 120.422738 -30.757105 -57.916296 0.339979 0.053418 0.908125 0.238473
19.966700 121.935194 -31.324434 -58.610109 0.330696 0.032145 0.911243 0.243398
