0.366667 -0.026706 2.120803 0.428192 -0.038838 0.095732 0.049867 0.993398
1.166670 -0.148611 5.674899 -2.290760 -0.019709 0.060249 0.106099 0.992333
3.066670 -0.114071 4.037898 0.317925 -0.062914 -0.027308 0.166913 0.983583
5.300000 -1.580049 8.151820 0.473433 -0.035797 -0.127078 0.276832 0.951806
6.100000 -0.728891 2.679929 0.851742 0.021390 -0.175145 0.093240 0.979884
6.633330 -0.385359 2.054134 0.501047 0.061488 0.080223 0.063555 0.992847
7.433330 -1.149616 3.846263 -2.179381 -0.003304 0.120408 0.107757 0.986853
8.066660 -0.975449 3.844300 -0.460846 -0.223687 -0.153630 0.035411 0.961825
8.966670 -0.731777 3.924623 -0.821345 -0.079367 -0.050807 0.099244 0.990591
9.000010 -0.745133 4.121334 -1.018809 -0.082000 -0.051835 0.104001 0.989835
9.033340 -0.796715 4.306585 -1.128262 -0.082567 -0.055676 0.109021 0.989039
9.066670 -0.858016 4.476790 -1.281841 -0.085411 -0.057700 0.112209 0.988324
9.100010 -0.927640 4.641299 -1.375141 -0.187605 -0.102556 0.072893 0.974153
9.133340 -1.020562 4.807224 -1.456020 -0.123897 -0.088975 0.070301 0.985794
9.166680 -1.105067 4.971963 -1.551542 -0.265424 -0.181531 -0.048110 0.945665
9.200010 -1.121458 5.148495 -1.797056 -0.087792 -0.071557 0.129785 0.985052
9.233340 -1.173999 5.348323 -1.888155 -0.062982 -0.066171 0.132865 0.986915
9.266680 -1.146252 5.588116 -2.069825 -0.085931 -0.074953 0.140761 0.983455
9.300010 -1.212811 5.791090 -2.133856 -0.172517 -0.081984 0.155786 0.969148
9.333340 -1.256845 6.035069 -2.240049 -0.087776 -0.080935 0.153010 0.980986
9.366680 -1.328540 6.243511 -2.295311 -0.086192 -0.084578 0.158371 0.979967
9.400010 -1.379300 6.481763 -2.419622 -0.087160 -0.086359 0.164635 0.978693
9.433350 -1.473137 6.703237 -2.460470 -0.074022 -0.084305 0.176702 0.977849
9.466680 -1.555744 6.931672 -2.527943 -0.087085 -0.092647 0.176661 0.976024
9.500010 -1.658455 7.158686 -2.556021 -0.064726 -0.099457 0.183366 0.975857
9.533350 -1.731192 7.374806 -2.615366 -0.086729 -0.097931 0.188414 0.973338
9.566680 -1.818672 7.586966 -2.634518 -0.086337 -0.100696 0.193827 0.972027
9.600010 -1.910164 7.790410 -2.645555 -0.085666 -0.103195 0.198751 0.970830
9.633350 -2.007857 7.996869 -2.640196 -0.085226 -0.106219 0.204223 0.969406
9.666680 -2.113027 8.213847 -2.608723 -0.067167 -0.110714 0.210769 0.968921
9.700020 -2.212351 8.427155 -2.571651 -0.038995 -0.122651 0.233134 0.963890
9.733350 -2.303302 8.571244 -2.548525 -0.083102 -0.114920 0.218517 0.965473
9.766680 -2.409080 8.765060 -2.489489 -0.081889 -0.118108 0.223303 0.964096
9.800020 -2.538194 8.971859 -2.413281 -0.087848 0.025037 0.270272 0.958441
9.833350 -2.643088 9.149103 -2.320004 -0.077427 -0.124912 0.232800 0.961356
9.866680 -2.763043 9.311998 -2.267169 -0.077069 -0.127326 0.237240 0.959982
9.900020 -2.896364 9.498924 -2.175627 -0.077817 -0.131634 0.242175 0.958106
9.933350 -3.027943 9.697867 -2.085626 -0.102233 -0.134163 0.245389 0.954637
9.966690 -3.142446 9.891404 -2.027694 -0.072371 -0.135419 0.252533 0.955328
12.066700 -0.457204 5.333406 1.180393 0.163195 -0.012036 0.168088 0.972095
13.200100 0.128446 4.418734 -0.897931 0.027848 -0.000745 0.145531 0.988961
14.200100 -0.267764 3.269498 1.863559 0.053043 -0.008518 0.120415 0.991269
16.433400 -1.554869 5.821261 0.436974 -0.054409 -0.041843 0.201660 0.977048
17.233400 -0.466976 2.269216 -1.507747 -0.053470 -0.118271 0.093749 0.987099
18.000100 -0.683941 3.648473 0.566447 -0.009813 0.023668 0.086535 0.995919
19.066700 -1.229160 5.198452 -0.310109 0.025085 -0.096403 0.136337 0.985642
19.100100 -1.321752 5.396072 -0.397813 0.065366 -0.083855 0.145171 0.983677
19.133400 -1.369485 5.595257 -0.675400 0.022799 -0.086723 0.146430 0.985149
19.166700 -1.423137 5.798961 -0.891656 0.020271 -0.081145 0.151366 0.984933
19.200100 -1.453626 5.996893 -1.127657 0.017277 -0.074929 0.155959 0.984766
19.233400 -1.476475 6.199255 -1.368076 0.012728 -0.068506 0.160569 0.984562
19.266700 -1.495229 6.432171 -1.629425 0.010228 -0.061388 0.165592 0.984229
19.300000 -1.495305 6.638206 -1.824361 0.007211 -0.055448 0.169896 0.983874
19.333400 -1.549218 6.832844 -1.916739 0.004750 -0.052213 0.174473 0.983265
19.366700 -1.615781 7.035862 -1.991852 0.002658 -0.049027 0.179428 0.982545
19.400000 -1.680583 7.237009 -2.074951 0.000257 -0.045493 0.184210 0.981834
19.433400 -1.772590 7.431520 -2.106846 -0.002654 -0.043167 0.188760 0.981070
19.466700 -1.885263 7.628391 -2.112764 -0.019392 -0.119746 0.007758 0.992585
19.500000 -2.017311 7.828402 -2.098430 0.011809 -0.144300 0.083226 0.985957
19.533400 -2.114939 8.061357 -2.161398 -0.008508 -0.040111 0.206123 0.977667
19.566700 -2.213552 8.287896 -2.188112 -0.010726 -0.032710 0.210939 0.976893
19.600000 -2.307705 8.495934 -2.228033 -0.013469 -0.029129 0.215875 0.975893
19.633400 -2.422614 8.704085 -2.221493 -0.015912 -0.026741 0.221113 0.974752
19.666700 -2.528403 8.908508 -2.202628 -0.020193 -0.024823 0.225574 0.973700
19.700000 -2.679267 9.122167 -2.144107 -0.079704 0.036002 0.200775 0.975726
19.733400 -2.778207 9.321917 -2.109588 -0.024661 -0.021206 0.236425 0.971105
19.766700 -2.874433 9.515099 -2.074385 -0.026904 -0.018576 0.240939 0.969989
19.800000 -2.998925 9.720085 -2.007032 -0.029298 -0.016827 0.245929 0.968699
19.833400 -3.118211 9.892695 -1.936357 -0.032271 -0.015540 0.250159 0.967542
19.866700 -3.223962 10.064334 -1.876729 -0.034851 -0.013656 0.254404 0.966373
19.900000 -3.355020 10.272345 -1.829419 -0.037434 -0.011492 0.259373 0.964983
19.933400 -3.517996 10.478726 -1.721684 -0.047640 -0.016452 0.269175 0.961772
19.966700 -3.639922 10.677255 -1.661970 -0.042866 -0.009254 0.269702 0.961945
