0.500000 -0.139349 2.657856 0.730915 0.031400 0.038691 0.065647 0.996598
0.533333 -0.161496 2.860702 0.720268 0.030131 0.041612 0.070765 0.996169
0.566667 -0.180419 3.063568 0.698069 0.028997 0.046798 0.075960 0.995590
0.600000 -0.203604 3.266062 0.665027 0.026640 0.050954 0.080932 0.995060
0.633333 -0.227891 3.468575 0.621691 0.025070 0.055245 0.086172 0.994431
0.666667 -0.255363 3.671077 0.567853 0.022868 0.058173 0.091288 0.993861
0.700000 -0.283257 3.874255 0.505467 0.020733 0.062019 0.096486 0.993184
0.733334 -0.312408 4.076610 0.437962 0.019118 0.065266 0.101643 0.992494
0.766667 -0.343476 4.278256 0.362153 0.017228 0.067852 0.106915 0.991801
0.800000 -0.376230 4.479171 0.279548 0.015415 0.071564 0.112007 0.991007
0.833334 -0.412566 4.680844 0.189773 0.013586 0.073712 0.117322 0.990261
0.866667 -0.446556 4.878035 0.097807 0.012162 0.077283 0.122401 0.989392
0.900000 -0.484081 5.077153 0.001200 0.010543 0.079519 0.127615 0.988575
0.933334 -0.522554 5.274606 -0.094657 0.009376 0.081653 0.132813 0.987727
0.966667 -0.562921 5.470420 -0.193141 0.008058 0.083623 0.138020 0.986860
1.000000 -0.605224 5.667447 -0.294955 0.006276 0.085384 0.143248 0.985977
1.033330 -0.649653 5.865694 -0.398987 0.004442 0.087613 0.148476 0.985017
1.066670 -0.696344 6.065484 -0.503622 0.002327 0.089184 0.153843 0.984060
1.100000 -0.743016 6.264680 -0.603435 0.000452 0.090161 0.159120 0.983134
1.133330 -0.790565 6.462301 -0.686008 0.000009 0.091325 0.164326 0.982169
1.166670 -0.840761 6.656259 -0.771153 -0.001336 0.092581 0.169543 0.981164
1.200000 -0.894056 6.848326 -0.850188 -0.002885 0.093893 0.174782 0.980116
1.233330 -0.950082 7.040287 -0.926170 -0.004469 0.095050 0.179953 0.979062
1.266670 -1.006676 7.235397 -0.979333 -0.004800 0.096072 0.185249 0.977972
1.300000 -1.065113 7.428057 -1.023720 -0.005330 0.097242 0.190516 0.976841
