0.366667 -0.076575 2.090231 0.809009 0.044691 0.038263 0.050572 0.996986
0.400000 -0.093253 2.298337 0.846521 0.043686 0.041542 0.055667 0.996628
0.433333 -0.111576 2.506185 0.873614 0.042601 0.044765 0.060766 0.996237
0.466667 -0.131522 2.713759 0.889992 0.041435 0.047928 0.065872 0.995815
0.500000 -0.153099 2.921024 0.895473 0.040191 0.051026 0.070983 0.995360
0.533333 -0.176318 3.127961 0.889999 0.038873 0.054056 0.076100 0.994875
0.566667 -0.201150 3.334557 0.873629 0.037480 0.057013 0.081224 0.994358
0.600000 -0.227604 3.540775 0.846543 0.036016 0.059892 0.086354 0.993810
0.633333 -0.255854 3.746575 0.809027 0.034483 0.062627 0.091494 0.993236
0.666667 -0.285558 3.951987 0.761510 0.032884 0.065342 0.096637 0.992628
0.700000 -0.316876 4.156954 0.704506 0.031222 0.067969 0.101787 0.991990
0.733334 -0.349804 4.361465 0.638637 0.029499 0.070504 0.106944 0.991323
0.766667 -0.384338 4.565487 0.564628 0.027719 0.072945 0.112107 0.990627
0.800000 -0.420475 4.769001 0.483288 0.025884 0.075288 0.117276 0.989903
0.833334 -0.458212 4.971993 0.395506 0.023997 0.077530 0.122453 0.989150
0.866667 -0.497543 5.174428 0.302248 0.022062 0.079667 0.127635 0.988370
0.900000 -0.538464 5.376290 0.204535 0.020081 0.081698 0.132824 0.987563
0.933334 -0.580972 5.577563 0.103432 0.018058 0.083620 0.138019 0.986728
0.966667 -0.625060 5.778212 0.000055 0.015997 0.085429 0.143220 0.985867
1.000000 -0.670724 5.978221 -0.104467 0.013900 0.087124 0.148426 0.984980
1.033330 -0.717956 6.177552 -0.208980 0.011774 0.088702 0.153636 0.984068
1.066670 -0.766768 6.376259 -0.312379 0.009617 0.090163 0.158854 0.983130
1.100000 -0.817126 6.574201 -0.413469 0.007436 0.091503 0.164073 0.982167
1.133330 -0.869040 6.771416 -0.511175 0.005234 0.092721 0.169297 0.981180
1.166670 -0.922519 6.967942 -0.604453 0.003015 0.093815 0.174526 0.980168
1.200000 -0.977526 7.163639 -0.692225 0.000782 0.094785 0.179756 0.979134
1.233330 -1.034071 7.358545 -0.773560 -0.001459 0.095628 0.184989 0.978076
1.266670 -1.092164 7.552696 -0.847586 -0.003708 0.096345 0.190225 0.976995
1.300000 -1.151764 7.745955 -0.913449 -0.005959 0.096933 0.195461 0.975891
1.333330 -1.212883 7.938359 -0.970450 -0.008209 0.097394 0.200697 0.974766
1.366670 -1.275533 8.129943 -1.017978 -0.010454 0.097725 0.205935 0.973618
1.400000 -1.339669 8.320573 -1.055483 -0.012690 0.097927 0.211171 0.972448
1.433330 -1.405304 8.510284 -1.082572 -0.014914 0.098000 0.216406 0.971258
1.466670 -1.472448 8.699113 -1.098949 -0.017121 0.097943 0.221640 0.970046
1.500000 -1.541055 8.886926 -1.104427 -0.019308 0.097758 0.226871 0.968814
1.533330 -1.611138 9.073758 -1.098950 -0.021472 0.097444 0.232097 0.967561
1.566670 -1.682711 9.259645 -1.082574 -0.023609 0.097002 0.237321 0.966288
1.600000 -1.755722 9.444455 -1.055487 -0.025714 0.096432 0.242539 0.964994
1.633330 -1.830185 9.628223 -1.017983 -0.027785 0.095737 0.247751 0.963681
1.666670 -1.906118 9.810984 -0.970456 -0.029819 0.094916 0.252959 0.962348
1.700000 -1.983460 9.992609 -0.913457 -0.031810 0.093972 0.258157 0.960995
1.733330 -2.062231 10.173132 -0.847595 -0.033757 0.092905 0.263348 0.959623
1.766670 -2.142444 10.352588 -0.773570 -0.035656 0.091717 0.268532 0.958231
1.800000 -2.224043 10.530849 -0.692237 -0.037504 0.090410 0.273705 0.956820
1.833330 -2.307045 10.707949 -0.604466 -0.039297 0.088987 0.278868 0.955390
1.866670 -2.391462 10.883921 -0.511189 -0.041032 0.087447 0.284022 0.953940
1.900000 -2.477236 11.058642 -0.413484 -0.042706 0.085796 0.289162 0.952471
1.933330 -2.564383 11.232145 -0.312394 -0.044317 0.084034 0.294291 0.950982
1.966670 -2.652920 11.404461 -0.208996 -0.045861 0.082165 0.299408 0.949474
2.000000 -2.742787 11.575469 -0.104483 -0.047336 0.080191 0.304510 0.947946
2.033330 -2.833996 11.745202 0.000029 -0.048738 0.078115 0.309599 0.946399
2.066670 -2.926566 11.913692 0.103428 -0.050066 0.075939 0.314674 0.944832
2.100000 -3.020433 12.080820 0.204517 -0.051317 0.073667 0.319732 0.943245
2.133330 -3.115612 12.246617 0.302221 -0.052489 0.071303 0.324774 0.941638
2.166670 -3.212076 12.410960 0.395499 -0.053584 0.068849 0.329803 0.940010
2.200000 -3.309850 12.574043 0.483272 -0.054590 0.066310 0.334813 0.938362
2.233330 -3.408907 12.735742 0.564606 -0.055510 0.063689 0.339805 0.936694
2.266670 -3.509264 12.896086 0.638632 -0.056343 0.060989 0.344781 0.935004
2.300000 -3.610852 13.054963 0.704495 -0.057087 0.058215 0.349737 0.933293
2.333330 -3.713688 13.212402 0.761496 -0.057739 0.055371 0.354675 0.931561
2.366670 -3.817794 13.368434 0.809024 -0.058300 0.052459 0.359595 0.929807
2.400000 -3.923094 13.522947 0.846529 -0.058766 0.049485 0.364495 0.928031
2.433330 -4.029609 13.675972 0.873617 -0.059138 0.046454 0.369376 0.926232
2.466670 -4.137360 13.827537 0.889994 -0.059414 0.043368 0.374239 0.924410
2.500000 -4.246268 13.977535 0.895471 -0.059592 0.040232 0.379080 0.922566
2.533330 -4.356357 14.125994 0.889995 -0.059674 0.037052 0.383902 0.920698
2.566670 -4.467646 14.272942 0.873618 -0.059658 0.033831 0.388705 0.918806
2.600000 -4.580056 14.418276 0.846531 -0.059542 0.030574 0.393487 0.916890
2.633330 -4.693609 14.562022 0.809026 -0.059328 0.027285 0.398249 0.914950
2.666670 -4.808327 14.704209 0.761498 -0.059016 0.023969 0.402993 0.912984
2.700000 -4.924128 14.844736 0.704498 -0.058604 0.020632 0.407715 0.910993
2.733330 -5.041033 14.983629 0.638636 -0.058093 0.017276 0.412417 0.908977
2.766670 -5.159067 15.120914 0.564610 -0.057485 0.013908 0.417101 0.906934
2.800000 -5.278143 15.256494 0.483277 -0.056778 0.010532 0.421764 0.904865
2.833330 -5.398287 15.390395 0.395504 -0.055974 0.007152 0.426408 0.902769
2.866670 -5.519519 15.522643 0.302226 -0.055074 0.003773 0.431034 0.900645
2.900000 -5.641755 15.653143 0.204520 -0.054079 0.000400 0.435640 0.898495
2.933330 -5.765016 15.781922 0.103429 -0.052989 -0.002962 0.440228 0.896316
2.966670 -5.889327 15.909002 0.000030 -0.051806 -0.006308 0.444798 0.894109
3.000000 -6.014601 16.034294 -0.104484 -0.050532 -0.009635 0.449349 0.891874
3.033330 -6.140859 16.157822 -0.208997 -0.049168 -0.012938 0.453882 0.889610
3.066670 -6.268127 16.279609 -0.312397 -0.047716 -0.016211 0.458400 0.887316
3.100000 -6.396314 16.399568 -0.413487 -0.046177 -0.019452 0.462899 0.884994
3.133330 -6.525445 16.517724 -0.511193 -0.044554 -0.022654 0.467382 0.882641
3.166670 -6.655544 16.634098 -0.604471 -0.042849 -0.025814 0.471850 0.880258
3.200000 -6.786519 16.748607 -0.692243 -0.041065 -0.028928 0.476302 0.877846
3.233330 -6.918394 16.861274 -0.773577 -0.039203 -0.031990 0.480738 0.875403
3.266660 -7.051155 16.972087 -0.847581 -0.037266 -0.034999 0.485159 0.872930
3.300000 -7.184828 17.081065 -0.913464 -0.035258 -0.037948 0.489567 0.870426
3.333330 -7.319318 17.188132 -0.970465 -0.033180 -0.040834 0.493961 0.867891
3.366660 -7.454650 17.293309 -1.017979 -0.031037 -0.043654 0.498341 0.865325
3.400000 -7.590850 17.396614 -1.055497 -0.028830 -0.046404 0.502709 0.862728
3.433330 -7.727822 17.497976 -1.082585 -0.026563 -0.049079 0.507063 0.860100
3.466660 -7.865591 17.597413 -1.098958 -0.024240 -0.051677 0.511406 0.857441
3.500000 -8.004184 17.694944 -1.104438 -0.021863 -0.054195 0.515738 0.854751
3.533330 -8.143502 17.790499 -1.098961 -0.019436 -0.056628 0.520058 0.852030
3.566660 -8.283572 17.884098 -1.082590 -0.016964 -0.058974 0.524367 0.849279
3.600000 -8.424421 17.975758 -1.055495 -0.014448 -0.061230 0.528666 0.846495
3.633330 -8.565949 18.065413 -1.017989 -0.011894 -0.063392 0.532955 0.843682
3.666660 -8.708181 18.153082 -0.970477 -0.009305 -0.065459 0.537234 0.840838
3.700000 -8.851147 18.238780 -0.913460 -0.006685 -0.067428 0.541504 0.837963
3.733330 -8.994744 18.322447 -0.847597 -0.004038 -0.069296 0.545765 0.835059
3.766660 -9.138999 18.404100 -0.773594 -0.001367 -0.071061 0.550016 0.832124
3.800000 -9.283941 18.483752 -0.692235 0.001323 -0.072722 0.554261 0.829159
3.833330 -9.429465 18.561348 -0.604462 0.004028 -0.074275 0.558496 0.826166
3.866660 -9.575601 18.636902 -0.511212 0.006744 -0.075719 0.562722 0.823143
3.900000 -9.722375 18.710430 -0.413477 0.009468 -0.077053 0.566943 0.820091
3.933330 -9.869684 18.781878 -0.312385 0.012194 -0.078275 0.571154 0.817011
3.966660 -10.017555 18.851261 -0.209016 0.014918 -0.079383 0.575358 0.813904
4.000000 -10.166018 18.918591 -0.104471 0.017638 -0.080378 0.579555 0.810768
4.033330 -10.314965 18.983821 0.000043 0.020347 -0.081257 0.583744 0.807605
4.066660 -10.464427 19.046963 0.103413 0.023042 -0.082020 0.587925 0.804417
4.100000 -10.614431 19.108029 0.204534 0.025720 -0.082666 0.592100 0.801201
4.133330 -10.764871 19.166976 0.302241 0.028376 -0.083195 0.596266 0.797960
4.166660 -10.915775 19.223816 0.395493 0.031005 -0.083606 0.600425 0.794694
4.200000 -11.067172 19.278559 0.483293 0.033604 -0.083900 0.604577 0.791403
4.233330 -11.218955 19.331165 0.564628 0.036169 -0.084076 0.608720 0.788088
4.266660 -11.371153 19.381646 0.638633 0.038695 -0.084135 0.612855 0.784750
4.300000 -11.523794 19.430010 0.704517 0.041179 -0.084077 0.616983 0.781388
4.333330 -11.676771 19.476224 0.761519 0.043617 -0.083902 0.621101 0.778005
4.366660 -11.830113 19.520296 0.809034 0.046004 -0.083611 0.625211 0.774599
4.400000 -11.983848 19.562234 0.846553 0.048339 -0.083205 0.629312 0.771172
4.433330 -12.137868 19.602009 0.873641 0.050615 -0.082685 0.633403 0.767725
4.466660 -12.292202 19.639629 0.890015 0.052830 -0.082052 0.637484 0.764258
4.500000 -12.446879 19.675100 0.895495 0.054981 -0.081308 0.641556 0.760770
4.533330 -12.601789 19.708397 0.890019 0.057063 -0.080454 0.645617 0.757265
4.566660 -12.756963 19.739527 0.873649 0.059074 -0.079491 0.649666 0.753741
4.600000 -12.912429 19.768496 0.846555 0.061011 -0.078422 0.653704 0.750199
4.633330 -13.068045 19.795309 0.809040 0.062867 -0.077250 0.657729 0.746641
4.666660 -13.223905 19.819920 0.761529 0.064645 -0.075973 0.661742 0.743066
4.700000 -13.380006 19.842360 0.704512 0.066338 -0.074596 0.665743 0.739473
4.733330 -13.536237 19.862611 0.638650 0.067945 -0.073121 0.669729 0.735867
4.766660 -13.692630 19.880678 0.564648 0.069462 -0.071551 0.673701 0.732245
4.800000 -13.849212 19.896564 0.483291 0.070887 -0.069887 0.677659 0.728607
4.833330 -14.005874 19.910259 0.395518 0.072217 -0.068134 0.681601 0.724957
4.866660 -14.162644 19.921764 0.302269 0.073451 -0.066293 0.685527 0.721293
4.900000 -14.319554 19.931082 0.204535 0.074586 -0.064368 0.689437 0.717615
4.933330 -14.476491 19.938206 0.103445 0.075619 -0.062361 0.693329 0.713925
4.966660 -14.633486 19.943138 0.000077 0.076549 -0.060277 0.697203 0.710222
5.000000 -14.790567 19.945878 -0.104467 0.077375 -0.058118 0.701059 0.706507
5.033330 -14.947625 19.946424 -0.208980 0.078094 -0.055887 0.704896 0.702780
5.066660 -15.104688 19.944778 -0.312349 0.078705 -0.053589 0.708712 0.699043
5.100000 -15.261787 19.940938 -0.413470 0.079206 -0.051226 0.712509 0.695293
5.133330 -15.418809 19.934910 -0.511176 0.079597 -0.048804 0.716285 0.691534
5.166660 -15.575786 19.926688 -0.604427 0.079877 -0.046324 0.720038 0.687763
5.200000 -15.732747 19.916271 -0.692226 0.080044 -0.043791 0.723771 0.683982
5.233330 -15.889581 19.903668 -0.773560 0.080097 -0.041210 0.727480 0.680191
5.266660 -16.046316 19.888876 -0.847565 0.080038 -0.038584 0.731165 0.676389
5.300000 -16.202985 19.871893 -0.913448 0.079864 -0.035916 0.734828 0.672577
5.333330 -16.359473 19.852733 -0.970448 0.079575 -0.033212 0.738465 0.668755
5.366660 -16.515813 19.831389 -1.017962 0.079172 -0.030475 0.742078 0.664924
5.400000 -16.672034 19.807857 -1.055479 0.078655 -0.027709 0.745666 0.661081
5.433330 -16.828024 19.782154 -1.082566 0.078024 -0.024919 0.749227 0.657229
5.466660 -16.983814 19.754276 -1.098939 0.077280 -0.022109 0.752762 0.653367
5.500000 -17.139433 19.724218 -1.104419 0.076422 -0.019282 0.756271 0.649494
5.533330 -17.294777 19.692030 -1.098968 0.075451 -0.016445 0.759751 0.645612
5.566660 -17.449864 19.657648 -1.082597 0.074369 -0.013600 0.763205 0.641719
5.600000 -17.604728 19.621093 -1.055502 0.073178 -0.010751 0.766631 0.637814
5.633330 -17.759259 19.582393 -1.017997 0.071877 -0.007904 0.770028 0.633899
5.666660 -17.913489 19.541540 -0.970484 0.070469 -0.005063 0.773397 0.629972
5.700000 -18.067445 19.498525 -0.913467 0.068954 -0.002231 0.776738 0.626034
5.733330 -18.221018 19.453379 -0.847605 0.067336 0.000587 0.780049 0.622084
5.766660 -18.374238 19.406096 -0.773602 0.065614 0.003388 0.783331 0.618123
5.800000 -18.527134 19.356663 -0.692244 0.063793 0.006165 0.786585 0.614148
5.833330 -18.679598 19.305117 -0.604471 0.061873 0.008917 0.789808 0.610161
5.866660 -18.831658 19.251450 -0.511221 0.059858 0.011639 0.793001 0.606161
5.900000 -18.983343 19.195649 -0.413486 0.057749 0.014325 0.796166 0.602146
5.933330 -19.134546 19.137753 -0.312395 0.055549 0.016974 0.799300 0.598119
5.966660 -19.285295 19.077754 -0.209026 0.053261 0.019581 0.802404 0.594077
6.000000 -19.435620 19.015639 -0.104480 0.050889 0.022142 0.805480 0.590019
6.033330 -19.585413 18.951451 0.000034 0.048435 0.024654 0.808525 0.585947
6.066660 -19.734704 18.885180 0.103404 0.045901 0.027112 0.811540 0.581860
6.100000 -19.883520 18.816812 0.204526 0.043293 0.029514 0.814527 0.577755
6.133330 -20.031756 18.746395 0.302233 0.040612 0.031856 0.817483 0.573635
6.166660 -20.179440 18.673917 0.395484 0.037862 0.034135 0.820411 0.569498
6.200000 -20.326600 18.599364 0.483284 0.035048 0.036346 0.823310 0.565342
6.233330 -20.473132 18.522787 0.564619 0.032173 0.038489 0.826179 0.561170
6.266660 -20.619064 18.444174 0.638624 0.029241 0.040559 0.829020 0.556979
6.300000 -20.764424 18.363508 0.704508 0.026255 0.042554 0.831833 0.552769
6.333330 -20.909107 18.280847 0.761509 0.023220 0.044470 0.834618 0.548540
6.366660 -21.053143 18.196176 0.809024 0.020140 0.046306 0.837374 0.544293
6.400000 -21.196558 18.109478 0.846543 0.017019 0.048059 0.840104 0.540024
6.433330 -21.339251 18.020815 0.873631 0.013862 0.049726 0.842806 0.535736
6.466660 -21.481248 17.930169 0.890005 0.010672 0.051306 0.845481 0.531428
6.500000 -21.622577 17.837525 0.895485 0.007455 0.052797 0.848130 0.527098
6.533330 -21.763138 17.742946 0.890009 0.004214 0.054196 0.850753 0.522748
6.566660 -21.902956 17.646416 0.873639 0.000954 0.055502 0.853349 0.518376
6.600000 -22.042060 17.547917 0.846545 -0.002320 0.056713 0.855921 0.513982
6.633330 -22.180350 17.447516 0.809040 -0.005604 0.057828 0.858467 0.509567
6.666660 -22.317853 17.345197 0.761529 -0.008893 0.058846 0.860989 0.505130
6.700000 -22.454594 17.240939 0.704513 -0.012183 0.059765 0.863487 0.500670
6.733330 -22.590477 17.134816 0.638651 -0.015468 0.060585 0.865960 0.496189
6.766660 -22.725527 17.026808 0.564648 -0.018744 0.061305 0.868410 0.491685
6.799990 -22.859730 16.916928 0.483317 -0.022008 0.061924 0.870837 0.487159
6.833330 -22.993111 16.805153 0.395519 -0.025253 0.062442 0.873242 0.482610
6.866660 -23.125576 16.691564 0.302269 -0.028476 0.062858 0.875623 0.478039
6.899990 -23.257150 16.576139 0.204565 -0.031671 0.063173 0.877983 0.473447
6.933330 -23.387858 16.458855 0.103444 -0.034836 0.063386 0.880322 0.468830
6.966660 -23.517607 16.339796 0.000076 -0.037963 0.063498 0.882639 0.464193
6.999990 -23.646422 16.218940 -0.104438 -0.041050 0.063508 0.884935 0.459535
7.033330 -23.774327 16.096263 -0.208982 -0.044092 0.063418 0.887211 0.454853
7.066660 -23.901231 15.971851 -0.312351 -0.047085 0.063227 0.889466 0.450151
7.099990 -24.027160 15.845683 -0.413442 -0.050023 0.062938 0.891701 0.445428
7.133330 -24.152136 15.717734 -0.511177 -0.052904 0.062550 0.893917 0.440683
7.166660 -24.276071 15.588094 -0.604428 -0.055723 0.062064 0.896112 0.435919
7.199990 -24.398989 15.456739 -0.692202 -0.058475 0.061483 0.898289 0.431135
7.233330 -24.520913 15.323643 -0.773561 -0.061158 0.060807 0.900447 0.426330
7.266660 -24.641757 15.188902 -0.847566 -0.063766 0.060038 0.902586 0.421507
7.299990 -24.761543 15.052489 -0.913430 -0.066296 0.059177 0.904706 0.416665
7.333330 -24.880294 14.914379 -0.970449 -0.068745 0.058226 0.906808 0.411804
7.366660 -24.997927 14.774669 -1.017964 -0.071109 0.057188 0.908891 0.406927
7.399990 -25.114463 14.633334 -1.055472 -0.073384 0.056064 0.910956 0.402033
7.433330 -25.229924 14.490345 -1.082569 -0.075567 0.054856 0.913004 0.397120
7.466660 -25.344230 14.345805 -1.098942 -0.077655 0.053567 0.915032 0.392194
7.499990 -25.457401 14.199686 -1.104421 -0.079645 0.052199 0.917043 0.387252
7.533330 -25.569458 14.051960 -1.098944 -0.081534 0.050754 0.919036 0.382294
7.566660 -25.680324 13.902733 -1.082573 -0.083319 0.049236 0.921011 0.377324
7.599990 -25.790018 13.751974 -1.055488 -0.084997 0.047647 0.922967 0.372341
7.633330 -25.898562 13.599657 -1.017972 -0.086566 0.045989 0.924906 0.367343
7.666660 -26.005879 13.445890 -0.970460 -0.088023 0.044266 0.926825 0.362336
7.699990 -26.111988 13.290641 -0.913461 -0.089367 0.042481 0.928727 0.357317
7.733330 -26.216911 13.133884 -0.847579 -0.090594 0.040636 0.930610 0.352286
7.766660 -26.320572 12.975727 -0.773575 -0.091704 0.038736 0.932475 0.347248
7.799990 -26.422992 12.816142 -0.692242 -0.092695 0.036783 0.934320 0.342201
7.833330 -26.524190 12.655098 -0.604444 -0.093564 0.034779 0.936147 0.337144
7.866660 -26.624095 12.492709 -0.511193 -0.094311 0.032730 0.937953 0.332081
7.899990 -26.722723 12.328943 -0.413488 -0.094934 0.030639 0.939741 0.327011
7.933330 -26.820096 12.163771 -0.312366 -0.095432 0.028507 0.941509 0.321934
7.966660 -26.916144 11.997309 -0.208997 -0.095805 0.026341 0.943256 0.316853
7.999990 -27.010884 11.829526 -0.104483 -0.096050 0.024143 0.944983 0.311768
8.033330 -27.104381 11.660354 0.000058 -0.096169 0.021915 0.946689 0.306676
8.066660 -27.196479 11.489982 0.103428 -0.096160 0.019664 0.948374 0.301584
8.099990 -27.287239 11.318344 0.204520 -0.096024 0.017393 0.950038 0.296489
8.133330 -27.376679 11.145408 0.302256 -0.095759 0.015103 0.951679 0.291390
8.166660 -27.464735 10.971296 0.395508 -0.095368 0.012801 0.953299 0.286292
8.200000 -27.551450 10.795923 0.483308 -0.094848 0.010489 0.954896 0.281191
8.233330 -27.636762 10.619412 0.564643 -0.094202 0.008172 0.956469 0.276091
8.266660 -27.720691 10.441732 0.638648 -0.093430 0.005853 0.958019 0.270992
8.300000 -27.803248 10.262847 0.704532 -0.092533 0.003536 0.959545 0.265892
8.333330 -27.884376 10.082885 0.761534 -0.091511 0.001224 0.961047 0.260794
8.366660 -27.964092 9.901812 0.809049 -0.090366 -0.001077 0.962523 0.255698
8.400000 -28.042409 9.719592 0.846567 -0.089099 -0.003366 0.963975 0.250603
8.433330 -28.119273 9.536355 0.873655 -0.087711 -0.005638 0.965401 0.245511
8.466670 -28.194720 9.352012 0.890032 -0.086205 -0.007889 0.966801 0.240420
8.500000 -28.268700 9.166693 0.895509 -0.084583 -0.010115 0.968174 0.235334
8.533330 -28.341223 8.980363 0.890032 -0.082846 -0.012313 0.969520 0.230251
8.566670 -28.412305 8.792986 0.873655 -0.080995 -0.014480 0.970839 0.225169
8.600000 -28.481895 8.604695 0.846568 -0.079035 -0.016611 0.972130 0.220093
8.633340 -28.550027 8.415399 0.809050 -0.076968 -0.018704 0.973393 0.215018
8.666670 -28.616652 8.225230 0.761535 -0.074795 -0.020755 0.974626 0.209950
8.700000 -28.681785 8.034155 0.704534 -0.072519 -0.022760 0.975831 0.204884
8.733340 -28.745437 7.842135 0.638651 -0.070145 -0.024716 0.977006 0.199821
8.766670 -28.807561 7.649306 0.564646 -0.067674 -0.026621 0.978151 0.194763
8.800000 -28.868172 7.455633 0.483312 -0.065110 -0.028470 0.979265 0.189709
8.833340 -28.927280 7.261079 0.395512 -0.062457 -0.030262 0.980350 0.184656
8.866670 -28.984843 7.065781 0.302262 -0.059717 -0.031993 0.981403 0.179609
8.900010 -29.040888 6.869643 0.204526 -0.056895 -0.033660 0.982424 0.174563
8.933340 -29.095378 6.672806 0.103434 -0.053993 -0.035260 0.983414 0.169522
8.966670 -29.148323 6.475231 0.000066 -0.051017 -0.036792 0.984372 0.164483
9.000010 -29.199731 6.276881 -0.104480 -0.047970 -0.038252 0.985298 0.159446
9.033340 -29.249567 6.077896 -0.208993 -0.044855 -0.039638 0.986192 0.154412
9.066670 -29.297841 5.878240 -0.312361 -0.041678 -0.040948 0.987052 0.149380
9.100010 -29.344559 5.677873 -0.413482 -0.038443 -0.042180 0.987880 0.144348
9.133340 -29.389692 5.476937 -0.511187 -0.035153 -0.043332 0.988674 0.139319
9.166680 -29.433260 5.275336 -0.604464 -0.031813 -0.044401 0.989436 0.134288
9.200010 -29.475233 5.073210 -0.692234 -0.028428 -0.045387 0.990163 0.129261
9.233340 -29.515618 4.870523 -0.773566 -0.025002 -0.046288 0.990858 0.124232
9.266680 -29.554423 4.667234 -0.847590 -0.021540 -0.047103 0.991518 0.119202
9.300010 -29.591621 4.463490 -0.913449 -0.018046 -0.047829 0.992145 0.114172
9.333340 -29.627219 4.259250 -0.970447 -0.014526 -0.048466 0.992738 0.109141
9.366680 -29.661222 4.054476 -1.017971 -0.010983 -0.049013 0.993297 0.104106
9.400010 -29.693608 3.849313 -1.055473 -0.007424 -0.049470 0.993822 0.099071
9.433350 -29.724392 3.643661 -1.082563 -0.003852 -0.049835 0.994314 0.094031
9.466680 -29.753553 3.437665 -1.098930 -0.000272 -0.050108 0.994771 0.088989
9.500010 -29.781095 3.231287 -1.104403 0.003310 -0.050289 0.995195 0.083943
9.533350 -29.807024 3.024486 -1.098920 0.006890 -0.050377 0.995586 0.078892
9.566680 -29.831322 2.817411 -1.082542 0.010463 -0.050373 0.995942 0.073837
9.600010 -29.853995 2.610021 -1.055451 0.014024 -0.050276 0.996266 0.068778
9.633350 -29.875045 2.402276 -1.017929 0.017569 -0.050087 0.996556 0.063710
9.666680 -29.894457 2.194325 -0.970411 0.021092 -0.049807 0.996813 0.058638
9.700020 -29.912241 1.986065 -0.913389 0.024589 -0.049435 0.997037 0.053558
9.733350 -29.928385 1.777644 -0.847521 0.028055 -0.048973 0.997229 0.048473
9.766680 -29.942892 1.569022 -0.773513 0.031484 -0.048422 0.997388 0.043381
9.800020 -29.955764 1.360160 -0.692151 0.034874 -0.047782 0.997515 0.038279
9.833350 -29.966993 1.151206 -0.604374 0.038218 -0.047055 0.997610 0.033172
9.866680 -29.976580 0.942120 -0.511121 0.041513 -0.046242 0.997673 0.028056
9.900020 -29.984527 0.732862 -0.413384 0.044754 -0.045344 0.997705 0.022929
9.933350 -29.990828 0.523581 -0.312290 0.047936 -0.044363 0.997706 0.017796
9.966690 -29.995488 0.314173 -0.208889 0.051057 -0.043302 0.997676 0.012652
10.000000 -29.998500 0.104915 -0.104437 0.054107 -0.042162 0.997616 0.007504
10.033400 -29.999877 -0.104955 0.000298 0.057097 -0.040943 0.997526 0.002330
10.066700 -29.999601 -0.314163 0.103573 0.059999 -0.039651 0.997407 -0.002833
10.100000 -29.997681 -0.523343 0.204574 0.062823 -0.038285 0.997258 -0.008005
10.133400 -29.994110 -0.733099 0.302484 0.065575 -0.036848 0.997080 -0.013208
10.166700 -29.988905 -0.942153 0.395646 0.068230 -0.035345 0.996874 -0.018399
10.200000 -29.982058 -1.151109 0.483341 0.070794 -0.033775 0.996640 -0.023598
10.233400 -29.973543 -1.360572 0.564842 0.073275 -0.032142 0.996377 -0.028829
10.266700 -29.963414 -1.569265 0.638772 0.075650 -0.030451 0.996088 -0.034048
10.300000 -29.951646 -1.777791 0.704576 0.077925 -0.028701 0.995772 -0.039274
10.333400 -29.938200 -1.986754 0.761691 0.080104 -0.026897 0.995428 -0.044531
10.366700 -29.923157 -2.194879 0.809152 0.082171 -0.025044 0.995059 -0.049775
10.400000 -29.906478 -2.402770 0.846624 0.084129 -0.023142 0.994665 -0.055027
10.433400 -29.888112 -2.611027 0.873762 0.085980 -0.021195 0.994244 -0.060309
10.466700 -29.868172 -2.818379 0.890108 0.087714 -0.019209 0.993799 -0.065575
10.500000 -29.846604 -3.025429 0.895580 0.089333 -0.017183 0.993330 -0.070849
10.533400 -29.823337 -3.232774 0.890085 0.090833 -0.015123 0.992835 -0.076151
10.566700 -29.798517 -3.439149 0.873717 0.092214 -0.013033 0.992318 -0.081437
10.600000 -29.772077 -3.645154 0.846653 0.093474 -0.010914 0.991777 -0.086728
10.633400 -29.743932 -3.851382 0.809063 0.094607 -0.008772 0.991211 -0.092047
10.666700 -29.714257 -4.056576 0.761583 0.095619 -0.006611 0.990624 -0.097348
10.700000 -29.682972 -4.261333 0.704634 0.096505 -0.004431 0.990015 -0.102652
10.733400 -29.649986 -4.466193 0.638620 0.097256 -0.002238 0.989382 -0.107981
10.766700 -29.615486 -4.670002 0.564676 0.097887 -0.000038 0.988728 -0.113291
10.800000 -29.579387 -4.873305 0.483416 0.098389 0.002170 0.988053 -0.118604
10.833400 -29.541573 -5.076689 0.395457 0.098753 0.004379 0.987354 -0.123938
10.866700 -29.502281 -5.278913 0.302288 0.098996 0.006585 0.986636 -0.129253
10.900000 -29.461402 -5.480565 0.204672 0.099109 0.008788 0.985897 -0.134566
10.933400 -29.418808 -5.682226 0.103371 0.099081 0.010980 0.985135 -0.139900
10.966700 -29.374765 -5.882666 0.000097 0.098934 0.013159 0.984354 -0.145212
11.000000 -29.329146 -6.082468 -0.104319 0.098656 0.015323 0.983552 -0.150521
11.033400 -29.281821 -6.282209 -0.209075 0.098239 0.017465 0.982729 -0.155849
11.066700 -29.233066 -6.480668 -0.312344 0.097703 0.019583 0.981887 -0.161150
11.100000 -29.182753 -6.678423 -0.413339 0.097040 0.021676 0.981024 -0.166447
11.133400 -29.130728 -6.876043 -0.511242 0.096240 0.023738 0.980139 -0.171759
11.166700 -29.077312 -7.072323 -0.604397 0.095323 0.025763 0.979237 -0.177045
11.200000 -29.022354 -7.267836 -0.692083 0.094283 0.027751 0.978314 -0.182324
11.233400 -28.965693 -7.463142 -0.773576 0.093111 0.029699 0.977369 -0.187614
11.266700 -28.907669 -7.657051 -0.847496 0.091827 0.031600 0.976405 -0.192877
11.300000 -28.848126 -7.850128 -0.913290 0.090423 0.033454 0.975422 -0.198132
11.333400 -28.786880 -8.042928 -0.970395 0.088895 0.035259 0.974415 -0.203394
11.366700 -28.724305 -8.234274 -1.017845 0.087258 0.037006 0.973392 -0.208628
11.400000 -28.660227 -8.424724 -1.055306 0.085509 0.038696 0.972347 -0.213851
11.433400 -28.594457 -8.614826 -1.082433 0.083644 0.040329 0.971278 -0.219080
11.466700 -28.527395 -8.803421 -1.098768 0.081677 0.041896 0.970192 -0.224278
11.500000 -28.458849 -8.991057 -1.104228 0.079605 0.043396 0.969085 -0.229464
11.533400 -28.388619 -9.178275 -1.098722 0.077428 0.044832 0.967953 -0.234653
11.566700 -28.317132 -9.363931 -1.082342 0.075155 0.046192 0.966803 -0.239811
11.600000 -28.244185 -9.548567 -1.055267 0.072785 0.047478 0.965632 -0.244955
11.633400 -28.169568 -9.732715 -1.017667 0.070324 0.048693 0.964434 -0.250101
11.666700 -28.093729 -9.915251 -0.970176 0.067774 0.049824 0.963219 -0.255214
11.700000 -28.016454 -10.096706 -0.913217 0.065137 0.050875 0.961981 -0.260311
11.733400 -27.937519 -10.277602 -0.847203 0.062422 0.051848 0.960715 -0.265410
11.766700 -27.857405 -10.456836 -0.773249 0.059628 0.052731 0.959431 -0.270474
11.800000 -27.775878 -10.634930 -0.691982 0.056759 0.053527 0.958124 -0.275522
11.833400 -27.692702 -10.812396 -0.604016 0.053824 0.054242 0.956787 -0.280569
11.866700 -27.608384 -10.988150 -0.510839 0.050821 0.054860 0.955432 -0.285583
11.900000 -27.522676 -11.162799 -0.413287 0.047753 0.055385 0.954052 -0.290580
11.933400 -27.435344 -11.336665 -0.311984 0.044636 0.055826 0.952642 -0.295575
11.966700 -27.346911 -11.508773 -0.208709 0.041461 0.056169 0.951212 -0.300537
12.000000 -27.257128 -11.679628 -0.104294 0.038237 0.056417 0.949756 -0.305481
12.033400 -27.165738 -11.849772 0.000377 0.034973 0.056574 0.948269 -0.310423
12.066700 -27.073276 -12.018061 0.103642 0.031667 0.056630 0.946761 -0.315331
12.100000 -26.979493 -12.185040 0.204632 0.028326 0.056591 0.945226 -0.320222
12.133400 -26.884113 -12.351188 0.302528 0.024960 0.056461 0.943659 -0.325111
12.166700 -26.787715 -12.515489 0.395676 0.021566 0.056228 0.942070 -0.329967
12.200000 -26.690025 -12.678425 0.483355 0.018150 0.055898 0.940452 -0.334806
12.233400 -26.590759 -12.840465 0.564840 0.014721 0.055477 0.938801 -0.339643
12.266700 -26.490520 -13.000617 0.638752 0.011280 0.054955 0.937127 -0.344449
12.300100 -26.388718 -13.159827 0.704722 0.007834 0.054340 0.935419 -0.349252
12.333400 -26.285969 -13.317123 0.761633 0.004385 0.053626 0.933687 -0.354024
12.366700 -26.181985 -13.472966 0.809073 0.000939 0.052819 0.931926 -0.358781
12.400100 -26.076462 -13.627803 0.846621 -0.002500 0.051919 0.930129 -0.363536
12.433400 -25.970038 -13.780688 0.873640 -0.005924 0.050926 0.928307 -0.368262
12.466700 -25.862414 -13.932070 0.889965 -0.009331 0.049841 0.926455 -0.372974
12.500100 -25.753274 -14.082381 0.895415 -0.012719 0.048667 0.924567 -0.377684
12.533400 -25.643282 -14.230705 0.889898 -0.016076 0.047403 0.922654 -0.382367
12.566700 -25.532124 -14.377476 0.873507 -0.019402 0.046055 0.920709 -0.387037
12.600100 -25.419476 -14.523114 0.846325 -0.022697 0.044618 0.918727 -0.391706
12.633400 -25.306024 -14.666730 0.808812 -0.025947 0.043101 0.916720 -0.396349
12.666700 -25.191439 -14.808744 0.761311 -0.029152 0.041503 0.914682 -0.400980
12.700100 -25.075392 -14.949564 0.704157 -0.032314 0.039823 0.912605 -0.405613
12.733400 -24.958588 -15.088329 0.638318 -0.035416 0.038070 0.910503 -0.410221
12.766700 -24.840692 -15.225447 0.564356 -0.038462 0.036245 0.908368 -0.414819
12.800100 -24.721363 -15.361310 0.482826 -0.041452 0.034342 0.906195 -0.419419
12.833400 -24.601382 -15.494936 0.395223 -0.044367 0.032382 0.903997 -0.423995
12.866700 -24.480295 -15.627018 0.302044 -0.047216 0.030351 0.901767 -0.428563
12.900100 -24.357805 -15.757786 0.204122 -0.049999 0.028251 0.899498 -0.433134
12.933400 -24.234654 -15.886440 0.103113 -0.052698 0.026098 0.897204 -0.437684
12.966700 -24.110492 -16.013360 -0.000165 -0.055317 0.023890 0.894877 -0.442226
13.000100 -23.984957 -16.138908 -0.104898 -0.057860 0.021621 0.892513 -0.446772
13.033400 -23.858813 -16.262316 -0.209314 -0.060308 0.019309 0.890123 -0.451299
13.066700 -23.731698 -16.383950 -0.312586 -0.062667 0.016952 0.887702 -0.455818
13.100100 -23.603240 -16.504153 -0.413884 -0.064939 0.014544 0.885243 -0.460344
13.133400 -23.474227 -16.622195 -0.511494 -0.067109 0.012104 0.882760 -0.464850
13.166700 -23.344285 -16.738422 -0.604657 -0.069181 0.009630 0.880245 -0.469350
13.200100 -23.213036 -16.853165 -0.692607 -0.071157 0.007116 0.877694 -0.473857
13.233400 -23.081281 -16.965724 -0.773857 -0.073025 0.004583 0.875119 -0.478345
13.266700 -22.948641 -17.076431 -0.847790 -0.074786 0.002025 0.872514 -0.482827
13.300100 -22.814730 -17.185601 -0.913782 -0.076444 -0.000560 0.869873 -0.487317
13.333400 -22.680363 -17.292565 -0.970717 -0.077989 -0.003153 0.867209 -0.491789
13.366700 -22.545157 -17.397645 -1.018183 -0.079422 -0.005758 0.864517 -0.496255
13.400100 -22.408713 -17.501132 -1.055757 0.080745 0.008377 -0.861789 0.500729
13.433400 -22.271867 -17.602398 -1.082805 0.081950 0.010994 -0.859041 0.505186
13.466700 -22.134219 -17.701737 -1.099156 0.083040 0.013612 -0.856264 0.509638
13.500100 -21.995377 -17.799440 -1.104634 0.084013 0.016229 -0.853453 0.514097
13.533400 -21.856187 -17.894906 -1.099145 0.084868 0.018833 -0.850624 0.518539
13.566700 -21.716240 -17.988414 -1.082781 0.085604 0.021427 -0.847767 0.522976
13.600100 -21.575087 -18.080264 -1.055518 0.086216 0.024002 -0.844879 0.527419
13.633400 -21.433687 -18.169834 -1.018027 0.086713 0.026558 -0.841972 0.531845
13.666700 -21.291581 -18.257420 -0.970549 0.087090 0.029090 -0.839040 0.536266
13.700100 -21.148354 -18.343265 -0.913416 0.087342 0.031594 -0.836077 0.540693
13.733400 -21.004887 -18.426854 -0.847597 0.087478 0.034064 -0.833098 0.545101
13.766700 -20.860762 -18.508431 -0.773652 0.087495 0.036498 -0.830096 0.549502
13.800100 -20.715474 -18.588321 -0.692019 0.087382 0.038889 -0.827065 0.553909
13.833400 -20.570078 -18.665846 -0.604310 0.087160 0.041238 -0.824019 0.558297
13.866700 -20.424070 -18.741332 -0.511135 0.086819 0.043540 -0.820952 0.562677
13.900100 -20.277028 -18.814992 -0.413213 0.086354 0.045789 -0.817857 0.567060
13.933400 -20.129849 -18.886375 -0.312203 0.085779 0.047984 -0.814748 0.571423
13.966700 -19.982106 -18.955695 -0.208921 0.085089 0.050120 -0.811620 0.575778
14.000100 -19.833375 -19.023148 -0.104182 0.084277 0.052192 -0.808467 0.580133
14.033400 -19.684559 -19.088319 0.000243 0.083361 0.054199 -0.805302 0.584468
14.066700 -19.535226 -19.151403 0.103523 0.082333 0.056138 -0.802118 0.588792
14.100100 -19.384949 -19.212580 0.204828 0.081189 0.058004 -0.798911 0.593115
14.133400 -19.234640 -19.271472 0.302444 0.079946 0.059794 -0.795693 0.597417
14.166700 -19.083866 -19.328258 0.395613 0.078597 0.061507 -0.792458 0.601706
14.200100 -18.932180 -19.383081 0.483573 0.077138 0.063138 -0.789200 0.605992
14.233400 -18.780528 -19.435638 0.564827 0.075587 0.064685 -0.785933 0.610255
14.266700 -18.628463 -19.486072 0.638764 0.073937 0.066145 -0.782651 0.614504
14.300100 -18.475544 -19.534526 0.704759 0.072186 0.067517 -0.779348 0.618747
14.333400 -18.322700 -19.580696 0.761697 0.070350 0.068795 -0.776037 0.622965
14.366700 -18.169493 -19.624728 0.809166 0.068423 0.069980 -0.772711 0.627167
14.400100 -18.015478 -19.666744 0.846742 0.066406 0.071071 -0.769365 0.631361
14.433400 -17.861593 -19.706482 0.873791 0.064310 0.072061 -0.766012 0.635529
14.466700 -17.707394 -19.744068 0.890145 0.062134 0.072951 -0.762646 0.639679
14.500100 -17.552436 -19.779608 0.895623 0.059878 0.073742 -0.759259 0.643818
14.533400 -17.397661 -19.812874 0.890136 0.057553 0.074426 -0.755867 0.647930
14.566700 -17.242624 -19.843978 0.873775 0.055158 0.075005 -0.752463 0.652021
14.600100 -17.086875 -19.873001 0.846622 0.052695 0.075482 -0.749038 0.656101
14.633400 -16.931363 -19.899763 0.809136 0.050173 0.075847 -0.745608 0.660150
14.666700 -16.775640 -19.924353 0.761661 0.047592 0.076103 -0.742167 0.664178
14.700100 -16.619253 -19.946832 0.704534 0.044957 0.076256 -0.738705 0.668191
14.733400 -16.463157 -19.967062 0.638720 0.042272 0.076292 -0.735238 0.672174
14.766800 -16.306385 -19.985171 0.564488 0.039542 0.076226 -0.731751 0.676141
14.800100 -16.149984 -20.001034 0.483212 0.036769 0.076041 -0.728260 0.680076
14.833400 -15.993458 -20.014714 0.395511 0.033958 0.075744 -0.724757 0.683986
14.866800 -15.836351 -20.026240 0.302058 0.031114 0.075343 -0.721233 0.687879
14.900100 -15.679624 -20.035541 0.204434 0.028242 0.074823 -0.717705 0.691739
14.933400 -15.522822 -20.042656 0.103434 0.025342 0.074193 -0.714164 0.695573
14.966800 -15.365492 -20.047594 -0.000150 0.022424 0.073458 -0.710603 0.699389
15.000100 -15.208592 -20.050325 -0.104564 0.019490 0.072607 -0.707036 0.703170
15.033400 -15.051711 -20.050841 -0.209040 0.016543 0.071648 -0.703456 0.706925
15.066800 -14.894314 -20.049187 -0.312616 0.013590 0.070585 -0.699854 0.710660
15.100100 -14.737399 -20.045348 -0.413602 0.010632 0.069409 -0.696247 0.714359
15.133400 -14.580513 -20.039318 -0.511207 0.007675 0.068127 -0.692626 0.718032
15.166800 -14.423203 -20.031074 -0.604635 0.004725 0.066745 -0.688981 0.721684
15.200100 -14.266426 -20.020663 -0.692304 0.001784 0.065255 -0.685331 0.725300
15.233400 -14.109826 -20.008039 -0.773604 -0.001141 0.063665 -0.681666 0.728888
15.266800 -13.952761 -19.993212 -0.847738 -0.004050 0.061978 -0.677976 0.732456
15.300100 -13.796281 -19.976243 -0.913510 -0.006935 0.060190 -0.674279 0.735987
15.333400 -13.639933 -19.957093 -0.970435 -0.009795 0.058307 -0.670565 0.739491
15.366800 -13.483265 -19.935699 -1.018017 -0.012623 0.056333 -0.666826 0.742974
15.400100 -13.327232 -19.912187 -1.055452 -0.015416 0.054266 -0.663079 0.746420
15.433400 -13.171382 -19.886502 -1.082486 -0.018170 0.052111 -0.659315 0.749839
15.466800 -13.015265 -19.858561 -1.098858 -0.020883 0.049871 -0.655523 0.753237
15.500100 -12.859834 -19.828531 -1.104291 -0.023546 0.047549 -0.651722 0.756600
15.533400 -12.704636 -19.796336 -1.098789 -0.026159 0.045147 -0.647902 0.759934
15.566800 -12.549225 -19.761876 -1.082349 -0.028721 0.042668 -0.644054 0.763249
15.600100 -12.394547 -19.725357 -1.055247 -0.031222 0.040118 -0.640196 0.766528
15.633400 -12.240155 -19.686684 -1.017748 -0.033661 0.037498 -0.636317 0.769780
15.666800 -12.085602 -19.645738 -0.970104 -0.036040 0.034809 -0.632409 0.773013
15.700100 -11.931832 -19.602766 -0.913122 -0.038347 0.032060 -0.628489 0.776211
15.733400 -11.778398 -19.557654 -0.847296 -0.040583 0.029253 -0.624548 0.779383
15.766800 -11.624857 -19.510264 -0.773113 -0.042749 0.026386 -0.620576 0.782536
15.800100 -11.472145 -19.460881 -0.691828 -0.044833 0.023473 -0.616591 0.785655
15.833400 -11.319820 -19.409374 -0.604120 -0.046838 0.020513 -0.612584 0.788750
15.866800 -11.167442 -19.355586 -0.510660 -0.048765 0.017504 -0.608545 0.791826
15.900100 -11.015940 -19.299842 -0.413029 -0.050603 0.014463 -0.604493 0.794870
15.933400 -10.864874 -19.241988 -0.312023 -0.052353 0.011387 -0.600417 0.797891
15.966800 -10.713809 -19.181855 -0.208435 -0.054018 0.008273 -0.596308 0.800894
16.000100 -10.563666 -19.119805 -0.104016 -0.055587 0.005141 -0.592185 0.803866
16.033400 -10.414009 -19.055666 0.000399 -0.057063 0.001987 -0.588039 0.806815
16.066800 -10.264406 -18.989248 0.103975 -0.058448 -0.001192 -0.583858 0.809748
16.100100 -10.115770 -18.920952 0.204961 -0.059732 -0.004376 -0.579664 0.812652
16.133400 -9.967669 -18.850590 0.302565 -0.060917 -0.007569 -0.575445 0.815534
16.166800 -9.819676 -18.777953 0.395992 -0.062006 -0.010772 -0.571192 0.818400
16.200100 -9.672694 -18.703480 0.483661 -0.062992 -0.013967 -0.566925 0.821239
16.233400 -9.526295 -18.626963 0.564901 -0.063875 -0.017157 -0.562633 0.824057
16.266800 -9.380058 -18.548177 0.639033 -0.064658 -0.020344 -0.558306 0.826861
16.300100 -9.234875 -18.467600 0.704804 -0.065336 -0.023509 -0.553966 0.829638
16.333400 -9.090323 -18.385005 0.761729 -0.065910 -0.026656 -0.549602 0.832396
16.366800 -8.945987 -18.300147 0.809311 -0.066381 -0.029786 -0.545203 0.835141
16.400100 -8.802745 -18.213546 0.846746 -0.066747 -0.032880 -0.540791 0.837860
16.433400 -8.660183 -18.124955 0.873782 -0.067009 -0.035944 -0.536355 0.840560
16.466800 -8.517889 -18.034112 0.890155 -0.067165 -0.038975 -0.531885 0.843248
16.500100 -8.376730 -17.941572 0.895587 -0.067219 -0.041959 -0.527404 0.845911
16.533400 -8.236311 -17.847101 0.890053 -0.067169 -0.044898 -0.522900 0.848557
16.566800 -8.096200 -17.750362 0.873612 -0.067014 -0.047790 -0.518361 0.851191
16.600100 -7.957266 -17.651974 0.846511 -0.066760 -0.050625 -0.513813 0.853801
16.633400 -7.819103 -17.551655 0.809012 -0.066404 -0.053403 -0.509242 0.856394
16.666800 -7.681314 -17.449116 0.761369 -0.065944 -0.056119 -0.504639 0.858977
16.700100 -7.544738 -17.344977 0.704386 -0.065389 -0.058768 -0.500028 0.861535
16.733400 -7.408980 -17.238943 0.638562 -0.064736 -0.061348 -0.495395 0.864077
16.766800 -7.273648 -17.130703 0.564378 -0.063982 -0.063852 -0.490732 0.866609
16.800100 -7.139567 -17.020918 0.483093 -0.063139 -0.066279 -0.486061 0.869117
16.833400 -7.006350 -16.909269 0.395386 -0.062203 -0.068626 -0.481371 0.871609
16.866800 -6.873609 -16.795435 0.301923 -0.061170 -0.070885 -0.476653 0.874092
16.900100 -6.742155 -16.680110 0.204289 -0.060054 -0.073057 -0.471929 0.876550
16.933400 -6.611638 -16.562965 0.103325 -0.058851 -0.075142 -0.467187 0.878992
16.966800 -6.481619 -16.443651 -0.000270 -0.057556 -0.077126 -0.462419 0.881424
17.000100 -6.352924 -16.322896 -0.104697 -0.056187 -0.079015 -0.457647 0.883832
17.033400 -6.225178 -16.200356 -0.209122 -0.054737 -0.080804 -0.452859 0.886224
17.066700 -6.098391 -16.076051 -0.312399 -0.053210 -0.082491 -0.448058 0.888599
17.100100 -5.972200 -15.949613 -0.413700 -0.051601 -0.084068 -0.443233 0.890963
17.133400 -5.847376 -15.821813 -0.511310 -0.049928 -0.085540 -0.438407 0.893303
17.166700 -5.723556 -15.692283 -0.604470 -0.048187 -0.086901 -0.433569 0.895625
17.200100 -5.600384 -15.560645 -0.692416 -0.046372 -0.088147 -0.428707 0.897936
17.233400 -5.478609 -15.427703 -0.773659 -0.044503 -0.089280 -0.423848 0.900223
17.266700 -5.357878 -15.293076 -0.847584 -0.042574 -0.090296 -0.418979 0.902491
17.300100 -5.237843 -15.156372 -0.913567 -0.040582 -0.091193 -0.414089 0.904747
17.333400 -5.119237 -15.018421 -0.970492 -0.038544 -0.091971 -0.409203 0.906978
17.366700 -5.001716 -14.878829 -1.017947 -0.036456 -0.092629 -0.404309 0.909189
17.400100 -4.884937 -14.737193 -1.055510 -0.034317 -0.093163 -0.399396 0.911387
17.433400 -4.769616 -14.594370 -1.082546 -0.032141 -0.093574 -0.394489 0.913558
17.466700 -4.655418 -14.449953 -1.098887 -0.029926 -0.093861 -0.389577 0.915710
17.500100 -4.542011 -14.303523 -1.104353 -0.027671 -0.094023 -0.384647 0.917846
17.533400 -4.430093 -14.155966 -1.098853 -0.025391 -0.094059 -0.379725 0.919955
17.566700 -4.319333 -14.006865 -1.082479 -0.023082 -0.093969 -0.374800 0.922042
17.600100 -4.209412 -13.855784 -1.055313 -0.020745 -0.093756 -0.369857 0.924113
17.633400 -4.101002 -13.703644 -1.017814 -0.018393 -0.093414 -0.364926 0.926156
17.666700 -3.993786 -13.550008 -0.970328 -0.016024 -0.092946 -0.359993 0.928175
17.700100 -3.887457 -13.394427 -0.913190 -0.013640 -0.092356 -0.355044 0.930176
17.733400 -3.782663 -13.237851 -0.847366 -0.011251 -0.091638 -0.350108 0.932148
17.766700 -3.678999 -13.079726 -0.773384 -0.008857 -0.090796 -0.345168 0.934097
17.800100 -3.576363 -12.919797 -0.691868 -0.006461 -0.089835 -0.340216 0.936024
17.833400 -3.475286 -12.758938 -0.604160 -0.004070 -0.088747 -0.335279 0.937921
17.866700 -3.375473 -12.596684 -0.510988 -0.001684 -0.087537 -0.330340 0.939793
17.900100 -3.276636 -12.432566 -0.413071 0.000691 -0.086213 -0.325388 0.941642
17.933400 -3.179376 -12.267586 -0.312066 0.003049 -0.084766 -0.320451 0.943460
17.966700 -3.083402 -12.101257 -0.208755 0.005391 -0.083202 -0.315513 0.945251
18.000100 -2.988460 -11.933112 -0.104021 0.007708 -0.081531 -0.310563 0.947018
18.033400 -2.895119 -11.764170 0.000397 0.010000 -0.079740 -0.305629 0.948753
18.066700 -2.803107 -11.593941 0.103672 0.012263 -0.077839 -0.300695 0.950460
18.100100 -2.712159 -11.421954 0.204995 0.014492 -0.075837 -0.295748 0.952141
18.133400 -2.622829 -11.249217 0.302607 0.016684 -0.073724 -0.290816 0.953788
18.166700 -2.534851 -11.075257 0.395772 0.018836 -0.071507 -0.285886 0.955406
18.200100 -2.447972 -10.899564 0.483716 0.020944 -0.069196 -0.280941 0.956998
18.233400 -2.362733 -10.723208 0.564966 0.023004 -0.066783 -0.276014 0.958555
18.266700 -2.278885 -10.545679 0.638897 0.025014 -0.064277 -0.271086 0.960081
18.300100 -2.196232 -10.366532 0.704921 0.026971 -0.061685 -0.266144 0.961579
18.333400 -2.115181 -10.186727 0.761852 0.028870 -0.059002 -0.261218 0.963042
18.366700 -2.035541 -10.005812 0.809313 0.030710 -0.056235 -0.256291 0.964474
18.400100 -1.957085 -9.823262 0.846881 0.032488 -0.053389 -0.251349 0.965877
18.433400 -1.880294 -9.640186 0.873921 0.034199 -0.050467 -0.246421 0.967244
18.466700 -1.804941 -9.456060 0.890266 0.035843 -0.047473 -0.241493 0.968578
18.500100 -1.730809 -9.270349 0.895736 0.037417 -0.044409 -0.236548 0.969883
18.533400 -1.658354 -9.084183 0.890240 0.038916 -0.041282 -0.231617 0.971151
18.566700 -1.587361 -8.897028 0.873870 0.040340 -0.038095 -0.226684 0.972387
18.600100 -1.517628 -8.708339 0.846708 0.041688 -0.034849 -0.221734 0.973592
18.633400 -1.449580 -8.519267 0.809214 0.042954 -0.031555 -0.216796 0.974761
18.666700 -1.383018 -8.329266 0.761732 0.044138 -0.028215 -0.211854 0.975896
18.700100 -1.317751 -8.137787 0.704595 0.045241 -0.024826 -0.206894 0.977001
18.733400 -1.254179 -7.945994 0.638772 0.046257 -0.021405 -0.201945 0.978070
18.766700 -1.192114 -7.753336 0.564824 0.047187 -0.017951 -0.196991 0.979105
18.800100 -1.131379 -7.559254 0.483305 0.048030 -0.014460 -0.192016 0.980109
18.833400 -1.072345 -7.364930 0.395596 0.048782 -0.010953 -0.187052 0.981077
18.866700 -1.014838 -7.169805 0.302424 0.049444 -0.007427 -0.182082 0.982011
18.900100 -0.958685 -6.973269 0.204423 0.050016 -0.003875 -0.177089 0.982916
18.933400 -0.904245 -6.776605 0.103416 0.050494 -0.000325 -0.172105 0.983783
18.966700 -0.851352 -6.579203 0.000139 0.050881 0.003230 -0.167114 0.984619
19.000100 -0.799853 -6.380491 -0.104594 0.051176 0.006795 -0.162099 0.985423
19.033400 -0.750064 -6.181682 -0.209010 0.051376 0.010346 -0.157091 0.986193
19.066700 -0.701838 -5.982200 -0.312281 0.051484 0.013886 -0.152075 0.986929
19.100100 -0.655042 -5.781466 -0.413575 0.051498 0.017423 -0.147033 0.987636
19.133400 -0.609954 -5.580706 -0.511181 0.051419 0.020930 -0.141998 0.988309
19.166700 -0.566443 -5.379341 -0.604337 0.051248 0.024413 -0.136953 0.988950
19.200100 -0.524386 -5.176786 -0.692280 0.050984 0.027876 -0.131882 0.989561
19.233400 -0.484040 -4.974275 -0.773522 0.050629 0.031297 -0.126816 0.990139
19.266700 -0.445287 -4.771225 -0.847447 0.050183 0.034681 -0.121740 0.990686
19.300000 -0.408124 -4.567658 -0.913247 0.049649 0.038022 -0.116653 0.991202
19.333400 -0.372452 -4.362985 -0.970358 0.049024 0.041322 -0.111537 0.991690
19.366700 -0.338490 -4.158451 -1.017816 0.048314 0.044564 -0.106427 0.992146
19.400000 -0.306136 -3.953467 -1.055285 0.047517 0.047750 -0.101306 0.992572
19.433400 -0.275299 -3.747438 -1.082420 0.046634 0.050881 -0.096155 0.992971
19.466700 -0.246203 -3.541692 -1.098806 0.045670 0.053943 -0.091011 0.993339
19.500000 -0.218690 -3.335495 -1.104275 0.044625 0.056936 -0.085854 0.993678
19.533400 -0.192718 -3.128318 -1.098778 0.043497 0.059857 -0.080667 0.993991
19.566700 -0.168443 -2.921425 -1.082408 0.042296 0.062699 -0.075487 0.994274
19.600000 -0.145796 -2.714217 -1.055342 0.041019 0.065462 -0.070294 0.994531
19.633400 -0.124710 -2.506095 -1.017750 0.039667 0.068138 -0.065072 0.994761
19.666700 -0.105317 -2.298327 -0.970268 0.038249 0.070727 -0.059856 0.994963
19.700000 -0.087557 -2.090312 -0.913318 0.036762 0.073226 -0.054629 0.995139
19.733400 -0.071378 -1.881449 -0.847312 0.035207 0.075625 -0.049372 0.995291
19.766700 -0.056886 -1.673011 -0.773366 0.033593 0.077929 -0.044123 0.995415
19.800000 -0.044033 -1.464395 -0.692105 0.031919 0.080132 -0.038863 0.995515
19.833400 -0.032781 -1.254997 -0.604145 0.030185 0.082224 -0.033575 0.995591
19.866700 -0.023205 -1.046094 -0.510973 0.028402 0.084215 -0.028295 0.995641
19.900000 -0.015263 -0.837083 -0.413353 0.026568 0.086096 -0.023007 0.995667
19.933400 -0.008949 -0.627389 -0.312057 0.024682 0.087857 -0.017692 0.995670
19.966700 -0.004301 -0.418228 -0.208778 0.022758 0.089510 -0.012385 0.995649
