0.500000 -0.148928 2.656184 0.737529 0.030577 0.032100 0.065852 0.996844
0.533333 -0.169987 2.859251 0.732334 0.030000 0.035663 0.071006 0.996387
0.566667 -0.184653 3.062010 0.712884 0.029050 0.044283 0.075990 0.995701
0.600000 -0.202002 3.263678 0.679552 0.028399 0.052147 0.081024 0.994942
0.633333 -0.224653 3.465785 0.638860 0.027291 0.057477 0.086167 0.994247
0.666667 -0.250909 3.667344 0.588911 0.025883 0.061351 0.091316 0.993593
0.700000 -0.278023 3.869656 0.531167 0.024379 0.065764 0.096453 0.992863
0.733334 -0.307593 4.071476 0.466411 0.022851 0.068675 0.101631 0.992186
0.766667 -0.339029 4.271904 0.392468 0.021210 0.071714 0.106786 0.991466
0.800000 -0.372164 4.471615 0.312086 0.019498 0.074165 0.111976 0.990748
0.833334 -0.407205 4.672219 0.224856 0.017783 0.076898 0.117200 0.989967
0.866667 -0.442444 4.870302 0.132493 0.016193 0.079970 0.122301 0.989133
0.900000 -0.480051 5.069578 0.035519 0.014411 0.081858 0.127485 0.988352
0.933334 -0.518795 5.267636 -0.063446 0.012760 0.083259 0.132624 0.987581
0.966667 -0.560028 5.464148 -0.166439 0.010808 0.084990 0.137817 0.986745
1.000000 -0.602423 5.660514 -0.269843 0.008837 0.086596 0.143016 0.985885
1.033330 -0.647521 5.858550 -0.375937 0.006723 0.089552 0.148222 0.984868
1.066670 -0.693797 6.055990 -0.478868 0.004632 0.090550 0.153570 0.983969
1.100000 -0.740042 6.254055 -0.580354 0.002517 0.091121 0.158846 0.983086
1.133330 -0.788276 6.451296 -0.678973 0.000273 0.092508 0.164010 0.982111
1.166670 -0.839617 6.646812 -0.773241 -0.001665 0.094762 0.169224 0.981010
1.200000 -0.890347 6.837324 -0.860597 -0.003874 0.094553 0.174423 0.980113
1.233330 -0.944873 7.028568 -0.940743 -0.005868 0.095124 0.179582 0.979116
1.266670 -1.001438 7.220579 -1.014917 -0.007928 0.095971 0.184817 0.978044
1.300000 -1.061360 7.410719 -1.083811 -0.008884 0.097699 0.190253 0.976821
1.333330 -1.121479 7.602819 -1.143975 -0.012533 0.098156 0.195340 0.975731
1.366670 -1.186033 7.797961 -1.194009 -0.014745 0.099167 0.200626 0.974524
1.400000 -1.250872 7.986983 -1.232402 -0.016907 0.100221 0.205838 0.973294
1.433330 -1.315733 8.173910 -1.259204 -0.019048 0.100552 0.211046 0.972104
1.466670 -1.383152 8.360419 -1.272794 -0.020943 0.101237 0.216299 0.970838
1.500000 -1.450810 8.546184 -1.278087 -0.023006 0.101239 0.221572 0.969602
1.533330 -1.516325 8.731148 -1.270982 -0.024983 0.100933 0.226803 0.968374
1.566670 -1.583210 8.914253 -1.254650 -0.027003 0.100182 0.232027 0.967160
1.600000 -1.649460 9.095407 -1.227441 -0.029032 0.099263 0.237233 0.965932
1.633330 -1.720125 9.280894 -1.191405 -0.031061 0.098808 0.242493 0.964608
1.666670 -1.787226 9.465260 -1.147777 -0.033272 0.096764 0.247744 0.963407
1.700000 -1.861450 9.646631 -1.093072 -0.035138 0.096709 0.252907 0.962003
1.733330 -1.937219 9.823581 -1.026850 -0.036918 0.096583 0.258088 0.960573
1.766670 -2.016243 10.000683 -0.954386 -0.038733 0.096522 0.263292 0.959094
1.800000 -2.098540 10.174774 -0.873106 -0.040414 0.096196 0.268534 0.957603
1.833330 -2.179870 10.351482 -0.788260 -0.042309 0.094886 0.273747 0.956174
1.866670 -2.261618 10.527591 -0.697547 -0.044054 0.093450 0.278973 0.954725
1.900000 -2.346719 10.703833 -0.602068 -0.045634 0.092606 0.284240 0.953179
1.933330 -2.431167 10.879280 -0.502941 -0.047257 0.090892 0.289392 0.951713
1.966670 -2.516488 11.052568 -0.399113 -0.048644 0.088949 0.294514 0.950254
2.000000 -2.602907 11.226005 -0.295541 -0.050096 0.087069 0.299640 0.948749
2.033330 -2.690905 11.398819 -0.192302 -0.051473 0.084809 0.304793 0.947238
2.066670 -2.784605 11.568161 -0.090627 -0.052694 0.083783 0.310030 0.945561
2.100000 -2.871552 11.739098 0.008556 -0.053901 0.080210 0.314940 0.944179
2.133330 -2.961343 11.906584 0.110129 -0.054702 0.077210 0.319929 0.942704
2.166670 -3.052910 12.073626 0.202299 -0.055673 0.074852 0.324938 0.941123
2.200000 -3.145321 12.236370 0.297135 -0.056191 0.072065 0.329937 0.939570
2.233330 -3.240317 12.396739 0.378247 -0.057038 0.069545 0.334936 0.937938
2.266670 -3.334450 12.553722 0.456501 -0.057553 0.066633 0.339875 0.936340
2.300000 -3.433431 12.711909 0.519882 -0.058141 0.064610 0.344938 0.934592
2.333330 -3.530917 12.868419 0.577266 -0.058980 0.060982 0.349789 0.932979
2.366670 -3.631964 13.022212 0.628724 -0.059307 0.057909 0.354733 0.931286
2.400000 -3.735288 13.175744 0.666699 -0.059656 0.055005 0.359671 0.929544
2.433330 -3.839385 13.329144 0.694646 -0.061206 0.052323 0.364464 0.927730
2.466670 -3.941322 13.478202 0.714069 -0.060041 0.048734 0.369424 0.926038
2.500000 -4.045696 13.626350 0.720632 -0.060153 0.045276 0.374241 0.924270
2.533330 -4.152920 13.773069 0.715371 -0.059960 0.042939 0.379111 0.922408
2.566670 -4.260903 13.917949 0.699824 -0.060201 0.039092 0.383903 0.920579
2.600000 -4.371025 14.063715 0.670002 -0.060171 0.036705 0.388773 0.918633
2.633330 -4.482165 14.207296 0.631571 -0.060011 0.032722 0.393533 0.916766
2.666670 -4.597179 14.349567 0.580188 -0.059901 0.029182 0.398336 0.914816
2.700000 -4.712656 14.489830 0.519770 -0.059585 0.025741 0.403105 0.912849
2.733330 -4.829686 14.629415 0.453605 -0.059171 0.021860 0.407790 0.910894
2.766670 -4.940414 14.768899 0.374579 -0.058767 0.019971 0.412558 0.908814
2.800000 -5.063155 14.902141 0.289236 -0.058184 0.015407 0.417205 0.906817
2.833330 -5.188402 15.036573 0.198535 -0.057968 0.011441 0.421915 0.904708
2.866670 -5.310398 15.172052 0.106492 -0.057228 0.008204 0.426591 0.902595
2.900000 -5.430859 15.305058 0.008915 -0.056563 0.004891 0.431264 0.900438
2.933330 -5.551198 15.431517 -0.088712 -0.055445 0.001846 0.435844 0.898311
2.966670 -5.674035 15.555869 -0.189584 -0.054431 -0.001439 0.440441 0.896129
3.000000 -5.796840 15.679296 -0.289474 -0.053117 -0.004276 0.445023 0.893932
3.033330 -5.920063 15.801407 -0.391069 -0.051813 -0.007368 0.449590 0.891700
3.066670 -6.043860 15.922732 -0.490671 -0.050238 -0.010815 0.454098 0.889468
3.100000 -6.167584 16.044252 -0.589168 -0.048510 -0.013638 0.458619 0.887203
3.133330 -6.294101 16.165180 -0.684150 -0.046689 -0.016986 0.463118 0.884903
3.166670 -6.421116 16.283634 -0.774759 -0.044782 -0.020372 0.467591 0.882575
3.200000 -6.548486 16.401008 -0.860285 -0.042796 -0.023732 0.472035 0.880221
3.233330 -6.676691 16.514352 -0.939408 -0.040526 -0.027127 0.476427 0.877861
3.266660 -6.806096 16.625292 -1.012024 -0.038493 -0.030207 0.480841 0.875441
3.300000 -6.937161 16.733754 -1.078100 -0.036624 -0.032971 0.485245 0.872989
3.333330 -7.069961 16.842801 -1.134342 -0.035158 -0.034352 0.489719 0.870494
3.366660 -7.205581 16.949739 -1.180165 -0.032453 -0.037645 0.494113 0.867976
3.400000 -7.340495 17.055887 -1.214201 -0.029937 -0.040722 0.498508 0.865410
3.433330 -7.476456 17.157876 -1.236844 -0.027283 -0.043336 0.502835 0.862864
3.466660 -7.612288 17.257028 -1.249453 -0.024403 -0.046093 0.507072 0.860324
3.500000 -7.749977 17.356190 -1.250115 -0.021985 -0.048139 0.511450 0.857682
3.533330 -7.887147 17.454132 -1.240516 -0.019241 -0.050748 0.515738 0.855026
3.566660 -8.026693 17.548742 -1.221055 -0.016180 -0.052951 0.519962 0.852393
3.600000 -8.162647 17.643947 -1.187496 -0.013402 -0.055152 0.524197 0.849704
3.633330 -8.297788 17.734925 -1.142524 -0.010322 -0.057574 0.528334 0.847019
3.666660 -8.433047 17.825713 -1.087489 -0.007469 -0.059907 0.532505 0.844271
3.700000 -8.570270 17.910909 -1.024847 -0.004528 -0.060473 0.536610 0.841649
3.733330 -8.706850 17.993032 -0.954286 -0.002099 -0.061285 0.540847 0.838883
3.766660 -8.846774 18.071830 -0.878793 0.000950 -0.062965 0.545041 0.836041
3.800000 -8.986810 18.151534 -0.794081 0.004153 -0.065025 0.549197 0.833149
3.833330 -9.131659 18.230009 -0.709440 0.007768 -0.068428 0.553361 0.830089
3.866660 -9.271646 18.310158 -0.613151 0.010775 -0.070399 0.557495 0.827120
3.900000 -9.420768 18.381968 -0.518991 0.013476 -0.071690 0.561813 0.824042
3.933330 -9.572631 18.451417 -0.419600 0.016161 -0.072151 0.566200 0.820945
3.966660 -9.722592 18.523829 -0.319694 0.019044 -0.074806 0.570386 0.817742
4.000000 -9.868140 18.590128 -0.212956 0.021958 -0.076250 0.574546 0.814617
4.033330 -10.021455 18.657453 -0.111407 0.024795 -0.078260 0.578768 0.811350
4.066660 -10.171431 18.721330 -0.008808 0.027435 -0.079020 0.582984 0.808166
4.100000 -10.324067 18.784896 0.090027 0.030068 -0.080319 0.587203 0.804883
4.133330 -10.475818 18.844992 0.186865 0.032661 -0.081113 0.591430 0.801601
4.166660 -10.627042 18.899835 0.280777 0.035733 -0.082786 0.595552 0.798240
4.200000 -10.778215 18.953138 0.367386 0.038203 -0.083314 0.599735 0.794932
4.233330 -10.931928 19.006499 0.447021 0.040612 -0.082839 0.604035 0.791600
4.266660 -11.084562 19.058219 0.518550 0.043092 -0.083291 0.608211 0.788217
4.300000 -11.239414 19.115035 0.583135 0.045059 -0.082751 0.612445 0.784877
4.333330 -11.392482 19.163868 0.639329 0.046317 -0.083342 0.616597 0.781484
4.366660 -11.548164 19.215063 0.687989 0.049423 -0.081728 0.620798 0.778131
4.400000 -11.702978 19.264293 0.726200 0.051399 -0.081175 0.624924 0.774751
4.433330 -11.860206 19.308627 0.754235 0.053508 -0.080511 0.629083 0.771304
4.466660 -12.017452 19.347329 0.771042 0.055986 -0.080829 0.633156 0.767753
4.500000 -12.174504 19.387418 0.776337 0.057780 -0.079338 0.637318 0.764325
4.533330 -12.331949 19.423090 0.769977 0.059720 -0.078463 0.641428 0.760820
4.566660 -12.489505 19.455091 0.755132 0.061783 -0.077626 0.645506 0.757284
4.600000 -12.648690 19.488656 0.733144 0.063616 -0.076265 0.649539 0.753814
4.633330 -12.803634 19.514926 0.696256 0.065438 -0.075026 0.653549 0.750308
4.666660 -12.961146 19.533805 0.647188 0.067408 -0.075111 0.657503 0.746662
4.700000 -13.116004 19.558532 0.592891 0.068937 -0.072543 0.661574 0.743173
4.733330 -13.271831 19.578388 0.528831 0.070532 -0.070896 0.665569 0.739606
4.766660 -13.429019 19.607809 0.457466 0.071588 -0.068459 0.669542 0.736140
4.800000 -13.585281 19.628588 0.380110 0.072875 -0.066076 0.673510 0.732604
4.833330 -13.742916 19.642452 0.295392 0.074148 -0.064099 0.677456 0.729004
4.866660 -13.898771 19.653551 0.204819 0.075249 -0.061554 0.681409 0.725417
4.900000 -14.054895 19.667234 0.107984 0.076300 -0.059703 0.685293 0.721795
4.933330 -14.211548 19.676189 0.007661 0.077269 -0.057602 0.689188 0.718145
4.966660 -14.364932 19.686291 -0.096381 0.077855 -0.054502 0.693047 0.714601
5.000000 -14.521411 19.687816 -0.201389 0.078691 -0.052491 0.696882 0.710921
5.033330 -14.677548 19.689578 -0.307941 0.079203 -0.050177 0.700721 0.707248
5.066660 -14.834044 19.690970 -0.414529 0.079643 -0.047909 0.704550 0.703541
5.100000 -14.986851 19.688882 -0.518240 0.080009 -0.045529 0.708301 0.699882
5.133330 -15.142178 19.685034 -0.622583 0.079995 -0.043073 0.712109 0.696165
5.166660 -15.299512 19.677356 -0.721367 0.080150 -0.041004 0.715871 0.692404
5.200000 -15.454612 19.667418 -0.811786 0.080266 -0.038560 0.719582 0.688674
5.233330 -15.612958 19.657553 -0.895999 0.080180 -0.036418 0.723327 0.684867
5.266660 -15.775722 19.647844 -0.970404 0.080056 -0.034184 0.727090 0.681001
5.300000 -15.932649 19.633526 -1.036329 0.079946 -0.031832 0.730764 0.677185
5.333330 -16.089281 19.619136 -1.093639 0.079469 -0.029296 0.734445 0.673363
5.366660 -16.243638 19.600985 -1.142421 0.079015 -0.026527 0.738024 0.669607
5.400000 -16.399263 19.579833 -1.178852 0.078663 -0.024158 0.741615 0.665759
5.433330 -16.552372 19.554821 -1.204380 0.078030 -0.021439 0.745164 0.661953
5.466660 -16.706733 19.528612 -1.219036 0.077288 -0.018652 0.748707 0.658116
5.500000 -16.862300 19.499767 -1.223093 0.076432 -0.015828 0.752251 0.654238
5.533330 -17.014670 19.467650 -1.215007 0.075574 -0.013156 0.755759 0.650341
5.566660 -17.167215 19.434383 -1.197089 0.074581 -0.010453 0.759208 0.646477
5.600000 -17.321343 19.398998 -1.167013 0.073358 -0.007492 0.762660 0.642583
5.633330 -17.480264 19.362474 -1.124258 0.072136 -0.004372 0.766106 0.638638
5.666660 -17.634039 19.322502 -1.072681 0.070936 -0.001651 0.769513 0.634677
5.700000 -17.784131 19.281253 -1.014979 0.069415 0.001014 0.772816 0.630822
5.733330 -17.937841 19.237670 -0.946844 0.067824 0.004120 0.776134 0.626897
5.766660 -18.089660 19.191386 -0.871537 0.066144 0.007155 0.779443 0.622930
5.800000 -18.240474 19.144004 -0.788976 0.064275 0.010044 0.782674 0.619023
5.833330 -18.392656 19.095855 -0.700394 0.062643 0.012668 0.785920 0.615016
5.866660 -18.541053 19.053260 -0.606179 0.061916 0.014055 0.789155 0.610904
5.900000 -18.688123 18.996250 -0.509378 0.059073 0.017554 0.792251 0.607076
5.933330 -18.836750 18.939267 -0.407101 0.057175 0.020407 0.795466 0.602950
5.966660 -18.984157 18.880525 -0.303904 0.055019 0.023065 0.798564 0.598946
6.000000 -19.129826 18.821448 -0.196787 0.052743 0.025539 0.801686 0.594866
6.033330 -19.273847 18.758727 -0.091138 0.050313 0.028622 0.804696 0.590859
6.066660 -19.416920 18.696487 0.014811 0.048214 0.030324 0.807767 0.586744
6.100000 -19.561237 18.632353 0.117864 0.045482 0.033029 0.810724 0.582724
6.133330 -19.702744 18.566784 0.218254 0.043155 0.036059 0.813729 0.578518
6.166660 -19.845659 18.500959 0.312659 0.040187 0.038487 0.816618 0.574489
6.200000 -19.984032 18.433060 0.401167 0.037560 0.041443 0.819526 0.570306
6.233330 -20.118627 18.355943 0.484410 0.035062 0.044145 0.822280 0.566285
6.266660 -20.259455 18.288148 0.558176 0.031705 0.046817 0.825172 0.562044
6.300000 -20.389831 18.203174 0.626253 0.029528 0.048729 0.827842 0.558061
6.333330 -20.527713 18.131091 0.684527 0.026378 0.051210 0.830690 0.553748
6.366660 -20.670588 18.055511 0.731488 0.022153 0.053471 0.833376 0.549667
6.400000 -20.804450 17.974875 0.769229 0.019956 0.056200 0.836149 0.545250
6.433330 -20.936802 17.892044 0.796068 0.016134 0.057508 0.838690 0.541324
6.466660 -21.068357 17.808157 0.812016 0.013838 0.058110 0.841354 0.537174
6.500000 -21.206493 17.734995 0.815344 0.008760 0.062368 0.843913 0.532770
6.533330 -21.347876 17.648718 0.804191 0.005101 0.063009 0.846560 0.528525
6.566660 -21.479148 17.561024 0.786012 0.001826 0.064309 0.849084 0.524325
6.600000 -21.607819 17.471500 0.756906 -0.001305 0.065909 0.851673 0.519911
6.633330 -21.740372 17.377606 0.715874 -0.005008 0.066725 0.854164 0.515680
6.666660 -21.867801 17.280814 0.666295 -0.008183 0.067419 0.856632 0.511439
6.700000 -21.997454 17.182112 0.605502 -0.011676 0.067911 0.859102 0.507144
6.733330 -22.118858 17.080500 0.537499 -0.014223 0.068266 0.861734 0.502545
6.766660 -22.256970 16.973353 0.459106 -0.018891 0.068076 0.864173 0.498211
6.799990 -22.394680 16.864771 0.376206 -0.022627 0.068061 0.866739 0.493578
6.833330 -22.515244 16.759861 0.289049 -0.026187 0.068005 0.868981 0.489451
6.866660 -22.666152 16.641666 0.194353 -0.030400 0.067157 0.871570 0.484697
6.899990 -22.818895 16.517736 0.096418 -0.034041 0.066114 0.874142 0.479943
6.933330 -22.972956 16.390933 -0.004180 -0.037387 0.065260 0.876681 0.475156
6.966660 -23.111502 16.270376 -0.106080 -0.041157 0.064838 0.879202 0.470220
6.999990 -23.232506 16.154720 -0.208731 -0.043821 0.064299 0.881481 0.465764
7.033330 -23.372280 16.030008 -0.313560 -0.047122 0.064121 0.883815 0.461020
7.066660 -23.494756 15.911496 -0.413994 -0.050067 0.063953 0.886059 0.456402
7.099990 -23.627546 15.785273 -0.513152 -0.052909 0.063435 0.888365 0.451646
7.133330 -23.750252 15.662322 -0.607905 -0.055713 0.062963 0.890591 0.446968
7.166660 -23.875384 15.534600 -0.698809 -0.058528 0.062460 0.892826 0.442194
7.199990 -24.000734 15.408241 -0.783939 -0.061180 0.061716 0.895157 0.437198
7.233330 -24.120171 15.280457 -0.862633 -0.063871 0.061058 0.897279 0.432532
7.266660 -24.243774 15.146880 -0.936951 -0.066616 0.060297 0.899436 0.427716
7.299990 -24.368660 15.009688 -1.003210 -0.069093 0.059332 0.901619 0.422834
7.333330 -24.491481 14.870113 -1.060712 -0.071374 0.058296 0.903790 0.417937
7.366660 -24.614729 14.731364 -1.108764 -0.073480 0.057162 0.905947 0.413029
7.399990 -24.737688 14.591450 -1.147302 -0.075420 0.055945 0.908089 0.408113
7.433330 -24.857131 14.455480 -1.175229 -0.077717 0.054854 0.910240 0.403006
7.466660 -24.968650 14.312919 -1.189524 -0.080414 0.054305 0.912104 0.398310
7.499990 -25.088866 14.171268 -1.197042 -0.081943 0.052381 0.914309 0.393168
7.533330 -25.204021 14.024265 -1.191626 -0.083900 0.051076 0.916333 0.388183
7.566660 -25.317429 13.876098 -1.175044 -0.085765 0.049680 0.918337 0.383188
7.599990 -25.432761 13.722894 -1.148035 -0.087512 0.048218 0.920347 0.378125
7.633330 -25.545860 13.569709 -1.111931 -0.089212 0.046638 0.922308 0.373113
7.666660 -25.656459 13.414241 -1.064939 -0.090851 0.045044 0.924294 0.367964
7.699990 -25.767724 13.258172 -1.008353 -0.091961 0.043112 0.926249 0.362971
7.733330 -25.875158 13.109686 -0.938466 -0.092258 0.040764 0.928292 0.357911
7.766660 -25.984849 12.944509 -0.867215 -0.093720 0.039337 0.930099 0.352967
7.799990 -26.084886 12.789506 -0.783571 -0.094825 0.037679 0.931958 0.347912
7.833330 -26.189142 12.628966 -0.693625 -0.095591 0.035966 0.933797 0.342916
7.866660 -26.287470 12.472754 -0.596163 -0.096071 0.034186 0.935629 0.337934
7.899990 -26.385276 12.316347 -0.496950 -0.096129 0.031644 0.937476 0.333012
7.933330 -26.482901 12.147194 -0.387128 -0.097241 0.030747 0.939292 0.327610
7.966660 -26.582431 11.982343 -0.278949 -0.097316 0.028761 0.941096 0.322553
7.999990 -26.689635 11.806292 -0.174940 -0.097021 0.026657 0.942951 0.317364
8.033330 -26.786628 11.638527 -0.067065 -0.096934 0.024671 0.944733 0.312210
8.066660 -26.889029 11.462925 0.031419 -0.096859 0.022318 0.946464 0.307125
8.099990 -26.988117 11.287365 0.126130 -0.096808 0.019756 0.948165 0.302029
8.133330 -27.084239 11.114510 0.224928 -0.096596 0.017617 0.949863 0.296850
8.166660 -27.176176 10.940394 0.319972 -0.096303 0.015329 0.951510 0.291752
8.200000 -27.267083 10.765410 0.411002 -0.095892 0.013172 0.953135 0.286645
8.233330 -27.361458 10.583611 0.484416 -0.095418 0.010562 0.954736 0.281538
8.266660 -27.449697 10.406039 0.559154 -0.094752 0.008545 0.956335 0.276355
8.300000 -27.535369 10.225931 0.623955 -0.093923 0.006130 0.957900 0.271236
8.333330 -27.618537 10.045671 0.678879 -0.092857 0.003549 0.959448 0.266129
8.366660 -27.705056 9.857997 0.719497 -0.091716 0.000954 0.960969 0.261010
8.400000 -27.785631 9.675782 0.756010 -0.090441 -0.001430 0.962454 0.255930
8.433330 -27.863741 9.493943 0.781782 -0.088999 -0.003789 0.963907 0.250895
8.466670 -27.939015 9.310689 0.800271 -0.087131 -0.005930 0.965345 0.245930
8.500000 -28.017093 9.124295 0.801842 -0.086059 -0.008370 0.966727 0.240753
8.533330 -28.090352 8.939693 0.793716 -0.084480 -0.010622 0.968086 0.235711
8.566670 -28.161482 8.754541 0.773720 -0.082836 -0.012824 0.969416 0.230667
8.600000 -28.232597 8.566892 0.743000 -0.081284 -0.015262 0.970710 0.225570
8.633340 -28.300248 8.379096 0.706087 -0.079338 -0.017361 0.971991 0.220537
8.666670 -28.371158 8.184184 0.650767 -0.077416 -0.020111 0.973250 0.215377
8.700000 -28.439657 7.997556 0.593752 -0.075946 -0.021702 0.974460 0.210213
8.733340 -28.504358 7.804760 0.524312 -0.073509 -0.024050 0.975675 0.205126
8.766670 -28.567672 7.614601 0.450010 -0.071676 -0.025941 0.976830 0.199979
8.800000 -28.628700 7.420971 0.365716 -0.068939 -0.028213 0.977982 0.194943
8.833340 -28.689540 7.231606 0.277237 -0.066803 -0.030010 0.979083 0.189822
8.866670 -28.746067 7.040763 0.184834 -0.064233 -0.031676 0.980154 0.184847
8.900010 -28.802605 6.852001 0.084831 -0.061753 -0.033138 0.981208 0.179774
8.933340 -28.852574 6.656676 -0.017435 -0.058517 -0.035068 0.982230 0.174843
8.966670 -28.905148 6.465189 -0.122488 -0.056860 -0.036119 0.983205 0.169621
9.000010 -28.954761 6.270887 -0.227722 -0.053803 -0.037664 0.984166 0.164632
9.033340 -29.003010 6.077618 -0.334435 -0.050877 -0.039377 0.985097 0.159514
9.066670 -29.052672 5.876849 -0.446271 -0.047296 -0.041534 0.985999 0.154413
9.100010 -29.096651 5.682675 -0.548713 -0.044832 -0.042841 0.986835 0.149370
9.133340 -29.142432 5.487287 -0.648082 -0.041185 -0.044309 0.987661 0.144449
9.166680 -29.186916 5.291135 -0.742201 -0.038211 -0.045663 0.988455 0.139323
9.200010 -29.230993 5.092721 -0.833160 -0.034406 -0.046994 0.989225 0.134316
9.233340 -29.271167 4.893959 -0.916617 -0.031287 -0.048031 0.989959 0.129209
9.266680 -29.310858 4.694174 -0.992980 -0.027747 -0.049047 0.990655 0.124207
9.300010 -29.350300 4.492659 -1.061614 -0.024402 -0.050193 0.991327 0.118979
9.333340 -29.389081 4.287677 -1.122629 -0.020841 -0.051062 0.991965 0.113860
9.366680 -29.425591 4.084070 -1.173299 -0.017543 -0.051839 0.992571 0.108666
9.400010 -29.459916 3.881123 -1.213403 -0.014103 -0.052365 0.993136 0.103633
9.433350 -29.491502 3.678157 -1.242115 -0.010767 -0.052987 0.993664 0.098529
9.466680 -29.522167 3.474362 -1.260676 -0.007054 -0.053420 0.994161 0.093489
9.500010 -29.550101 3.271539 -1.266636 -0.003722 -0.053606 0.994628 0.088470
9.533350 -29.578278 3.068267 -1.262829 0.000195 -0.053754 0.995056 0.083515
9.566680 -29.604017 2.866635 -1.249984 0.003713 -0.053764 0.995450 0.078585
9.600010 -29.627997 2.662886 -1.226263 0.007489 -0.053869 0.995811 0.073496
9.633350 -29.651256 2.460617 -1.191935 0.011148 -0.053747 0.996135 0.068569
9.666680 -29.673831 2.252949 -1.148853 0.014962 -0.053663 0.996429 0.063454
9.700020 -29.693115 2.049146 -1.094337 0.018385 -0.053422 0.996697 0.058334
9.733350 -29.711801 1.846878 -1.030557 0.022030 -0.052984 0.996922 0.053413
9.766680 -29.729380 1.635736 -0.958667 0.025720 -0.052509 0.997125 0.048202
9.800020 -29.744205 1.426569 -0.878684 0.029228 -0.051818 0.997305 0.042935
9.833350 -29.759120 1.217466 -0.792512 0.032643 -0.051018 0.997447 0.037840
9.866680 -29.772692 1.008296 -0.700140 0.035856 -0.050086 0.997565 0.032714
9.900020 -29.790088 0.800628 -0.602075 0.040659 -0.049581 0.997559 0.027651
9.933350 -29.796594 0.585245 -0.501602 0.042080 -0.047873 0.997720 0.022170
9.966690 -29.806493 0.372953 -0.398814 0.046262 -0.046094 0.997721 0.016950
10.000000 -29.813018 0.158739 -0.297624 0.048225 -0.045661 0.997724 0.011660
10.033400 -29.818142 -0.054185 -0.195952 0.050869 -0.044401 0.997697 0.006407
10.066700 -29.821661 -0.265428 -0.094702 0.053680 -0.043112 0.997626 0.001184
10.100000 -29.822782 -0.477628 0.003689 0.056619 -0.041821 0.997511 -0.004017
10.133400 -29.821268 -0.690422 0.098204 0.059142 -0.040463 0.997387 -0.009219
10.166700 -29.819947 -0.901643 0.188723 0.061843 -0.038999 0.997219 -0.014461
10.200000 -29.813661 -1.113699 0.273692 0.064818 -0.037592 0.996995 -0.019635
10.233400 -29.803907 -1.327251 0.353227 0.067845 -0.036155 0.996731 -0.024843
10.266700 -29.793552 -1.538465 0.428146 0.071244 -0.034356 0.996413 -0.030086
10.300000 -29.782893 -1.750332 0.491301 0.073199 -0.032754 0.996150 -0.035415
10.333400 -29.770729 -1.962929 0.547474 0.075453 -0.030990 0.995836 -0.040704
10.366700 -29.758290 -2.175765 0.593231 0.077499 -0.029305 0.995504 -0.045905
10.400000 -29.744451 -2.387143 0.630480 0.079319 -0.027367 0.995157 -0.051210
10.433400 -29.729795 -2.598098 0.659110 0.081247 -0.025350 0.994769 -0.056491
10.466700 -29.713285 -2.807728 0.675020 0.082980 -0.023338 0.994373 -0.061585
10.500000 -29.695688 -3.014239 0.679859 0.084541 -0.021324 0.993953 -0.066748
10.533400 -29.674595 -3.218509 0.671505 0.086297 -0.019366 0.993483 -0.071897
10.566700 -29.656053 -3.419560 0.655136 0.087248 -0.017096 0.993061 -0.076977
10.600000 -29.627423 -3.618180 0.624273 0.089336 -0.014954 0.992494 -0.082165
10.633400 -29.601330 -3.818435 0.581410 0.090378 -0.012887 0.991978 -0.087435
10.666700 -29.573137 -4.019773 0.531225 0.091509 -0.010749 0.991422 -0.092702
10.700000 -29.541544 -4.220369 0.470064 0.092643 -0.008619 0.990820 -0.098077
10.733400 -29.510190 -4.422604 0.398570 0.093215 -0.006628 0.990233 -0.103471
10.766700 -29.475915 -4.625775 0.319589 0.093829 -0.004585 0.989608 -0.108859
10.800000 -29.437850 -4.829650 0.232550 0.094183 -0.002495 0.988967 -0.114313
10.833400 -29.399089 -5.036954 0.138747 0.094384 -0.000576 0.988297 -0.119833
10.866700 -29.359832 -5.242537 0.042589 0.095000 0.001546 0.987559 -0.125298
10.900000 -29.321964 -5.451481 -0.057794 0.094635 0.003479 0.986885 -0.130731
10.933400 -29.279049 -5.657639 -0.162728 0.095029 0.005571 0.986093 -0.136234
10.966700 -29.237895 -5.864157 -0.267980 0.094616 0.007735 0.985376 -0.141499
11.000000 -29.194861 -6.070481 -0.372049 0.094600 0.010034 0.984586 -0.146766
11.033400 -29.150112 -6.275224 -0.476709 0.094437 0.012417 0.983786 -0.151961
11.066700 -29.101730 -6.476133 -0.580194 0.093858 0.014684 0.982988 -0.157192
11.100000 -29.053086 -6.674809 -0.681730 0.093558 0.017806 0.982085 -0.162601
11.133400 -29.002939 -6.873121 -0.780036 0.092931 0.019050 0.981259 -0.167726
11.166700 -28.947048 -7.068494 -0.872556 0.091544 0.021330 0.980438 -0.172936
11.200000 -28.890585 -7.263166 -0.959358 0.090736 0.023414 0.979521 -0.178208
11.233400 -28.833904 -7.457000 -1.039622 0.089278 0.025488 0.978637 -0.183438
11.266700 -28.775471 -7.646478 -1.110387 0.087754 0.027658 0.977725 -0.188649
11.300000 -28.714729 -7.838174 -1.172710 0.086454 0.029713 0.976740 -0.193961
11.333400 -28.652585 -8.030774 -1.226746 0.084757 0.032303 0.975769 -0.199118
11.366700 -28.591002 -8.222865 -1.272013 0.083193 0.033745 0.974733 -0.204537
11.400000 -28.525122 -8.412946 -1.305728 0.081337 0.035639 0.973705 -0.209793
11.433400 -28.463973 -8.605822 -1.331846 0.079299 0.037796 0.972653 -0.215010
11.466700 -28.398891 -8.796483 -1.345893 0.077480 0.039526 0.971567 -0.220207
11.500000 -28.332711 -8.984965 -1.352448 0.075265 0.041189 0.970492 -0.225354
11.533400 -28.265937 -9.172823 -1.351063 0.072919 0.042578 0.969406 -0.230482
11.566700 -28.198095 -9.359492 -1.334944 0.070716 0.043988 0.968279 -0.235583
11.600000 -28.127813 -9.545482 -1.308767 0.067773 0.045358 0.967180 -0.240651
11.633400 -28.056546 -9.732116 -1.273026 0.065337 0.046502 0.966003 -0.245778
11.666700 -27.982829 -9.916919 -1.225585 0.062767 0.047664 0.964805 -0.250879
11.700000 -27.906583 -10.101198 -1.167834 0.059872 0.048825 0.963591 -0.255976
11.733400 -27.825435 -10.284661 -1.102086 0.056934 0.049991 0.962323 -0.261140
11.766700 -27.751620 -10.467140 -1.024231 0.054701 0.051056 0.961025 -0.266142
11.800000 -27.669604 -10.645990 -0.948381 0.051609 0.051676 0.959754 -0.271180
11.833400 -27.586559 -10.823702 -0.861603 0.048233 0.052494 0.958451 -0.276207
11.866700 -27.507107 -11.001323 -0.768203 0.045323 0.053149 0.957117 -0.281156
11.900000 -27.424072 -11.177319 -0.671301 0.041876 0.053799 0.955763 -0.286128
11.933400 -27.341951 -11.353355 -0.570831 0.038888 0.054227 0.954376 -0.291056
11.966700 -27.257525 -11.526476 -0.467754 0.035017 0.054991 0.952976 -0.295949
12.000000 -27.168649 -11.698986 -0.367776 0.032657 0.054671 0.951506 -0.300967
12.033400 -27.078349 -11.871481 -0.264295 0.029054 0.054856 0.950020 -0.305955
12.066700 -26.989601 -12.042671 -0.162666 0.025968 0.054873 0.948523 -0.310837
12.100000 -26.899005 -12.211997 -0.063042 0.022529 0.054843 0.946998 -0.315721
12.133400 -26.808957 -12.382087 0.035501 0.019151 0.054762 0.945452 -0.320555
12.166700 -26.711057 -12.547566 0.127759 0.016197 0.054294 0.943872 -0.325417
12.200000 -26.620703 -12.715390 0.217195 0.012194 0.054077 0.942289 -0.330180
12.233400 -26.519013 -12.878837 0.298467 0.009677 0.053630 0.940624 -0.335047
12.266700 -26.423226 -13.040963 0.375324 0.007235 0.053157 0.938983 -0.339754
12.300100 -26.322907 -13.202233 0.443702 0.002955 0.053021 0.937245 -0.344604
12.333400 -26.215628 -13.359353 0.500764 0.000204 0.052262 0.935484 -0.349483
12.366700 -26.118876 -13.519008 0.553502 -0.003476 0.051834 0.933737 -0.354169
12.400100 -26.012869 -13.673064 0.594291 -0.006351 0.051088 0.931951 -0.358911
12.433400 -25.908573 -13.826136 0.625835 -0.009537 0.050292 0.930139 -0.363624
12.466700 -25.800703 -13.977672 0.645101 -0.012799 0.049418 0.928271 -0.368385
12.500100 -25.689466 -14.126864 0.654963 -0.015848 0.048784 0.926342 -0.373176
12.533400 -25.585980 -14.279260 0.655157 -0.019737 0.047614 0.924464 -0.377768
12.566700 -25.472717 -14.424494 0.641248 -0.022436 0.046616 0.922488 -0.382543
12.600100 -25.360488 -14.569169 0.615222 -0.025689 0.045419 0.920494 -0.387257
12.633400 -25.243694 -14.708185 0.573753 -0.028979 0.044279 0.918422 -0.392047
12.666700 -25.130915 -14.851822 0.532388 -0.031813 0.043146 0.916377 -0.396710
12.700100 -25.015336 -14.994604 0.478737 -0.034883 0.041324 0.914324 -0.401356
12.733400 -24.900645 -15.133856 0.416279 -0.038276 0.039761 0.912222 -0.405962
12.766700 -24.783606 -15.265527 0.328602 -0.041622 0.037383 0.910112 -0.410569
12.800100 -24.665092 -15.399409 0.237921 -0.044628 0.034956 0.907985 -0.415150
12.833400 -24.545599 -15.532669 0.150464 -0.047510 0.033208 0.905779 -0.419766
12.866700 -24.426763 -15.664182 0.053069 -0.050432 0.030871 0.903580 -0.424319
12.900100 -24.305663 -15.795322 -0.046297 -0.053129 0.028656 0.901343 -0.428880
12.933400 -24.181963 -15.923102 -0.145370 -0.056867 0.026344 0.898988 -0.433465
12.966700 -24.059514 -16.050381 -0.247968 -0.058573 0.024400 0.896736 -0.437994
13.000100 -23.934501 -16.173886 -0.357493 -0.061204 0.021876 0.894393 -0.442534
13.033400 -23.808866 -16.297361 -0.466744 -0.063654 0.019301 0.892029 -0.447057
13.066700 -23.681297 -16.418860 -0.571480 -0.066268 0.016878 0.889597 -0.451598
13.100100 -23.551045 -16.537223 -0.674366 -0.068687 0.015186 0.886926 -0.456524
13.133400 -23.419772 -16.653836 -0.770169 -0.070112 0.012360 0.884601 -0.460882
13.166700 -23.292975 -16.773372 -0.862373 -0.072881 0.009606 0.882125 -0.465243
13.200100 -23.162456 -16.888764 -0.948099 -0.075058 0.007159 0.879573 -0.469751
13.233400 -23.032284 -17.002607 -1.029049 -0.076879 0.004631 0.877021 -0.474239
13.266700 -22.901886 -17.114720 -1.101119 -0.078650 0.002132 0.874443 -0.478705
13.300100 -22.770866 -17.224349 -1.165355 -0.080093 -0.000341 0.871849 -0.483182
13.333400 -22.639470 -17.330726 -1.222132 -0.081471 -0.002943 0.869228 -0.487644
13.366700 -22.505611 -17.438795 -1.266911 -0.083152 -0.005278 0.866540 -0.492104
13.400100 -22.368078 -17.543797 -1.300409 -0.084212 -0.007920 0.863780 -0.496718
13.433400 -22.234014 -17.649330 -1.327291 0.085264 0.010538 -0.861084 0.501152
13.466700 -22.101581 -17.744318 -1.338521 0.086200 0.012844 -0.858328 0.505646
13.500100 -21.965962 -17.847090 -1.339474 0.087265 0.015333 -0.855557 0.510071
13.533400 -21.830436 -17.946456 -1.329854 0.088247 0.017749 -0.852767 0.514476
13.566700 -21.689468 -18.042475 -1.310115 0.089297 0.020092 -0.849855 0.519007
13.600100 -21.546095 -18.139949 -1.281198 0.089974 0.022723 -0.846936 0.523534
13.633400 -21.397041 -18.235528 -1.249414 0.090389 0.025448 -0.843991 0.528073
13.666700 -21.254937 -18.326937 -1.200399 0.090814 0.028057 -0.841071 0.532508
13.700100 -21.104838 -18.413336 -1.144314 0.091456 0.030299 -0.838040 0.537035
13.733400 -20.959938 -18.499484 -1.077881 0.091602 0.032819 -0.835054 0.541494
13.766700 -20.811176 -18.584860 -1.007355 0.091417 0.035334 -0.832051 0.545973
13.800100 -20.660847 -18.664328 -0.925566 0.091494 0.037533 -0.828980 0.550466
13.833400 -20.514486 -18.742845 -0.840847 0.091055 0.039880 -0.825981 0.554863
13.866700 -20.371412 -18.820522 -0.745298 0.089950 0.041955 -0.823009 0.559290
13.900100 -20.224508 -18.895992 -0.649198 0.090070 0.044223 -0.819903 0.563640
13.933400 -20.077792 -18.967169 -0.550121 0.089929 0.046693 -0.816773 0.567992
13.966700 -19.932168 -19.038608 -0.448601 0.088935 0.048815 -0.813712 0.572347
14.000100 -19.783506 -19.105834 -0.341645 0.088249 0.050736 -0.810553 0.576752
14.033400 -19.635785 -19.170663 -0.239602 0.087059 0.052840 -0.807444 0.581088
14.066700 -19.489079 -19.232948 -0.139764 0.086113 0.055065 -0.804280 0.585394
14.100100 -19.341275 -19.293513 -0.038869 0.084913 0.056991 -0.801095 0.589735
14.133400 -19.191891 -19.351742 0.059460 0.083624 0.058808 -0.797895 0.594065
14.166700 -19.041834 -19.409844 0.157205 0.082208 0.060382 -0.794677 0.598402
14.200100 -18.892048 -19.469040 0.252407 0.080440 0.061794 -0.791471 0.602731
14.233400 -18.740921 -19.524443 0.339864 0.079031 0.063262 -0.788213 0.607020
14.266700 -18.589597 -19.579889 0.418657 0.077519 0.064620 -0.784945 0.611290
14.300100 -18.437235 -19.633527 0.487644 0.075977 0.065973 -0.781654 0.615543
14.333400 -18.283593 -19.683231 0.546579 0.075298 0.066327 -0.778175 0.619979
14.366700 -18.129764 -19.729018 0.597303 0.071914 0.067705 -0.775107 0.624062
14.400100 -17.973297 -19.772949 0.637131 0.069246 0.068499 -0.771833 0.628321
14.433400 -17.819875 -19.821928 0.665509 0.068154 0.069791 -0.768388 0.632506
14.466700 -17.666460 -19.865112 0.683307 0.066743 0.070808 -0.764971 0.636671
14.500100 -17.510696 -19.902196 0.688715 0.063193 0.072533 -0.761852 0.640568
14.533400 -17.357050 -19.938011 0.678052 0.061898 0.072859 -0.758299 0.644858
14.566700 -17.202062 -19.972241 0.660176 0.059468 0.073504 -0.754929 0.648955
14.600100 -17.046187 -20.003499 0.630675 0.056793 0.074018 -0.751559 0.653035
14.633400 -16.891463 -20.028710 0.588060 0.054210 0.074590 -0.748143 0.657100
14.666700 -16.735078 -20.052141 0.536835 0.051360 0.074880 -0.744741 0.661148
14.700100 -16.576166 -20.078585 0.476787 0.048742 0.075174 -0.741261 0.665210
14.733400 -16.417360 -20.104206 0.409437 0.046292 0.075362 -0.737783 0.669219
14.766800 -16.256004 -20.114355 0.333137 0.042679 0.075115 -0.734328 0.673274
14.800100 -16.097613 -20.132215 0.249254 0.040163 0.075035 -0.730817 0.677246
14.833400 -15.939091 -20.145823 0.159034 0.037510 0.074936 -0.727298 0.681186
14.866800 -15.777807 -20.156090 0.062821 0.034130 0.074700 -0.723775 0.685132
14.900100 -15.618886 -20.169729 -0.036918 0.031406 0.074260 -0.720248 0.689016
14.933400 -15.459401 -20.178140 -0.134842 0.028680 0.073620 -0.716728 0.692863
14.966800 -15.299200 -20.184658 -0.243286 0.026103 0.071663 -0.713328 0.696668
15.000100 -15.141018 -20.190998 -0.351302 0.022301 0.072168 -0.709651 0.700493
15.033400 -14.982852 -20.193605 -0.460856 0.018457 0.070922 -0.706169 0.704240
15.066800 -14.820481 -20.192745 -0.566980 0.016150 0.070338 -0.702486 0.708029
15.100100 -14.658585 -20.187592 -0.670652 0.012717 0.069208 -0.698884 0.711765
15.133400 -14.502181 -20.182059 -0.772604 0.010705 0.068853 -0.695185 0.715445
15.166800 -14.341639 -20.172809 -0.862081 0.006363 0.067057 -0.691588 0.719145
15.200100 -14.185985 -20.164097 -0.953087 0.003173 0.065948 -0.687913 0.722784
15.233400 -14.029850 -20.151150 -1.034711 -0.000230 0.064349 -0.684277 0.726378
15.266800 -13.873893 -20.137803 -1.107982 -0.002709 0.062602 -0.680676 0.729900
15.300100 -13.717785 -20.116812 -1.174579 -0.005195 0.061836 -0.676871 0.733481
15.333400 -13.561189 -20.103446 -1.225344 -0.008584 0.059056 -0.673295 0.736962
15.366800 -13.404449 -20.082926 -1.262152 -0.011025 0.056414 -0.669708 0.740397
15.400100 -13.247951 -20.061202 -1.292943 -0.013875 0.054185 -0.665990 0.743861
15.433400 -13.091193 -20.039683 -1.315937 -0.016342 0.051768 -0.662318 0.747253
15.466800 -12.934385 -20.014914 -1.327356 -0.018811 0.049358 -0.658604 0.750633
15.500100 -12.777882 -19.984566 -1.326569 -0.021525 0.046944 -0.654798 0.754037
15.533400 -12.621736 -19.957484 -1.318827 -0.023941 0.044375 -0.651053 0.757356
15.566800 -12.465004 -19.925148 -1.299341 -0.026407 0.041742 -0.647255 0.760672
15.600100 -12.309734 -19.888246 -1.271135 -0.028801 0.039455 -0.643377 0.763989
15.633400 -12.155298 -19.854804 -1.234949 -0.031010 0.036953 -0.639546 0.767237
15.666800 -12.001044 -19.812714 -1.181801 -0.033410 0.033577 -0.635745 0.770444
15.700100 -11.847005 -19.769584 -1.122625 -0.035738 0.030510 -0.631882 0.773639
15.733400 -11.693027 -19.721810 -1.058381 -0.037795 0.028041 -0.627901 0.776869
15.766800 -11.537353 -19.674033 -0.982390 -0.040098 0.024806 -0.623944 0.780045
15.800100 -11.383875 -19.625531 -0.901144 -0.042342 0.021838 -0.619970 0.783177
15.833400 -11.229960 -19.574421 -0.811210 -0.044415 0.018858 -0.615956 0.786302
15.866800 -11.076425 -19.521555 -0.715177 -0.046472 0.015741 -0.611926 0.789392
15.900100 -10.924727 -19.464736 -0.615525 -0.048267 0.012863 -0.607858 0.792473
15.933400 -10.773012 -19.407198 -0.512422 -0.050035 0.009617 -0.603813 0.795496
15.966800 -10.622110 -19.346356 -0.406871 -0.051486 0.006648 -0.599731 0.798516
16.000100 -10.471814 -19.286518 -0.301568 -0.053278 0.003286 -0.595640 0.801476
16.033400 -10.323083 -19.222910 -0.197774 -0.054800 0.000144 -0.591532 0.804417
16.066800 -10.171417 -19.157028 -0.095271 -0.056527 -0.003026 -0.587314 0.807377
16.100100 -10.019257 -19.087652 0.007582 -0.057723 -0.006200 -0.583069 0.810346
16.133400 -9.867087 -19.018166 0.104361 -0.059188 -0.009554 -0.578758 0.813293
16.166800 -9.716874 -18.944874 0.197523 -0.060008 -0.012447 -0.574520 0.816193
16.200100 -9.567254 -18.867806 0.286472 -0.060838 -0.016397 -0.570336 0.818991
16.233400 -9.420292 -18.784013 0.369758 -0.061473 -0.018903 -0.566152 0.821788
16.266800 -9.270905 -18.714091 0.447086 -0.062783 -0.022140 -0.561614 0.824717
16.300100 -9.126130 -18.634300 0.516977 -0.063392 -0.025390 -0.557342 0.827470
16.333400 -8.980641 -18.550881 0.578309 -0.064098 -0.028754 -0.552985 0.830224
16.366800 -8.835832 -18.467554 0.633377 -0.064558 -0.031954 -0.548643 0.832948
16.400100 -8.690781 -18.380671 0.678265 -0.064850 -0.035092 -0.544250 0.835676
16.433400 -8.545870 -18.293726 0.712040 -0.064727 -0.037467 -0.539697 0.838531
16.466800 -8.403933 -18.202334 0.734708 -0.065116 -0.041416 -0.535417 0.841055
16.500100 -8.261799 -18.111640 0.748513 -0.064984 -0.044451 -0.530931 0.843750
16.533400 -8.119521 -18.020380 0.749386 -0.064570 -0.047593 -0.526581 0.846332
16.566800 -7.978032 -17.923972 0.741506 -0.064493 -0.050568 -0.522065 0.848959
16.600100 -7.835935 -17.828266 0.719464 -0.064145 -0.053453 -0.517536 0.851578
16.633400 -7.696149 -17.732082 0.681767 -0.063701 -0.056205 -0.513001 0.854174
16.666800 -7.556254 -17.635305 0.638154 -0.062697 -0.059023 -0.508493 0.856750
16.700100 -7.417836 -17.534336 0.585042 -0.062380 -0.061762 -0.503892 0.859295
16.733400 -7.280360 -17.429885 0.521178 -0.061845 -0.064531 -0.499261 0.861829
16.766800 -7.142446 -17.323136 0.449571 -0.061120 -0.067224 -0.494596 0.864361
16.800100 -7.006763 -17.214574 0.369920 -0.059964 -0.069870 -0.489981 0.866857
16.833400 -6.874286 -17.106529 0.283130 -0.059190 -0.072336 -0.485321 0.869326
16.866800 -6.744891 -16.995370 0.186501 -0.058231 -0.074634 -0.480652 0.871787
16.900100 -6.617344 -16.881625 0.090425 -0.056945 -0.077222 -0.476030 0.874180
16.933400 -6.481743 -16.772677 -0.008361 -0.055513 -0.078926 -0.471226 0.876718
16.966800 -6.357159 -16.651996 -0.117543 -0.054658 -0.081291 -0.466599 0.879027
17.000100 -6.233591 -16.531660 -0.226650 -0.053231 -0.083515 -0.461881 0.881395
17.033400 -6.107647 -16.412016 -0.339338 -0.051904 -0.084700 -0.457123 0.883839
17.066700 -5.981082 -16.290019 -0.446277 -0.050519 -0.086205 -0.452350 0.886226
17.100100 -5.858238 -16.162259 -0.555122 -0.049299 -0.087628 -0.447491 0.888618
17.133400 -5.733435 -16.033853 -0.652680 -0.047699 -0.088921 -0.442685 0.890982
17.166700 -5.607920 -15.902246 -0.745094 -0.046004 -0.090083 -0.437808 0.893360
17.200100 -5.483177 -15.768477 -0.828315 -0.044403 -0.091400 -0.432893 0.895700
17.233400 -5.357623 -15.634512 -0.910167 -0.042752 -0.092194 -0.427992 0.898051
17.266700 -5.234802 -15.499057 -0.981541 -0.040810 -0.093122 -0.423113 0.900355
17.300100 -5.113655 -15.362125 -1.044744 -0.038830 -0.094036 -0.418231 0.902625
17.333400 -4.994020 -15.225403 -1.100006 -0.036346 -0.095003 -0.413414 0.904844
17.366700 -4.875869 -15.086709 -1.144921 -0.034332 -0.095839 -0.408543 0.907044
17.400100 -4.759807 -14.947457 -1.178035 -0.032186 -0.096520 -0.403687 0.909222
17.433400 -4.646063 -14.808748 -1.202163 -0.030589 -0.097545 -0.398823 0.911312
17.466700 -4.529161 -14.666622 -1.217293 -0.027987 -0.097401 -0.393927 0.913538
17.500100 -4.415174 -14.524594 -1.221828 -0.025770 -0.097520 -0.389055 0.915676
17.533400 -4.304410 -14.382849 -1.214953 -0.023449 -0.097597 -0.384201 0.917777
17.566700 -4.197942 -14.239761 -1.194809 -0.021252 -0.097571 -0.379435 0.919814
17.600100 -4.090282 -14.093910 -1.167274 -0.019047 -0.097331 -0.374576 0.921877
17.633400 -3.981924 -13.944899 -1.130658 -0.016831 -0.096979 -0.369675 0.923933
17.666700 -3.875183 -13.795282 -1.082451 -0.014559 -0.096588 -0.364775 0.925958
17.700100 -3.767580 -13.642178 -1.025413 -0.012277 -0.096167 -0.359805 0.927977
17.733400 -3.665896 -13.490931 -0.954794 -0.010042 -0.095675 -0.354845 0.929963
17.766700 -3.562101 -13.334249 -0.877602 -0.007519 -0.094740 -0.349946 0.931936
17.800100 -3.460945 -13.177881 -0.793425 -0.005091 -0.093897 -0.345036 0.933867
17.833400 -3.360551 -13.019911 -0.703769 -0.002542 -0.092956 -0.340015 0.935811
17.866700 -3.259131 -12.859730 -0.609324 0.000111 -0.091526 -0.335112 0.937722
17.900100 -3.158782 -12.697341 -0.511401 0.002623 -0.090067 -0.330137 0.939623
17.933400 -3.061054 -12.533888 -0.408729 0.005385 -0.088284 -0.325124 0.941526
17.966700 -2.962729 -12.369257 -0.305583 0.007739 -0.086681 -0.320161 0.943357
18.000100 -2.868333 -12.203818 -0.199210 0.010187 -0.084915 -0.315246 0.945149
18.033400 -2.776811 -12.036229 -0.091816 0.012657 -0.082865 -0.310291 0.946938
18.066700 -2.685014 -11.867813 0.012642 0.014830 -0.081183 -0.305337 0.948661
18.100100 -2.597815 -11.698411 0.115724 0.017782 -0.078755 -0.300406 0.950388
18.133400 -2.509093 -11.526264 0.209554 0.019618 -0.077107 -0.295415 0.952050
18.166700 -2.424959 -11.353220 0.300348 0.022052 -0.074792 -0.290449 0.953708
18.200100 -2.337378 -11.175005 0.382998 0.023721 -0.072852 -0.285408 0.955339
18.233400 -2.248367 -10.995998 0.458074 0.025242 -0.070337 -0.280431 0.956961
18.266700 -2.159800 -10.813718 0.524250 0.026759 -0.067515 -0.275550 0.958539
18.300100 -2.074521 -10.632989 0.584820 0.028464 -0.064781 -0.270552 0.960102
18.333400 -1.991988 -10.449776 0.638011 0.030269 -0.061812 -0.265618 0.961618
18.366700 -1.901523 -10.263555 0.684260 0.031435 -0.058799 -0.260765 0.963097
18.400100 -1.815430 -10.081469 0.722119 0.032647 -0.055744 -0.255915 0.964538
18.433400 -1.741054 -9.899185 0.748333 0.034715 -0.052749 -0.251018 0.965920
18.466700 -1.662857 -9.715891 0.763645 0.036019 -0.049551 -0.246196 0.967282
18.500100 -1.584679 -9.532666 0.767558 0.036937 -0.046223 -0.241473 0.968602
18.533400 -1.510319 -9.350019 0.756190 0.038945 -0.041214 -0.236865 0.969886
18.566700 -1.438914 -9.160230 0.742177 0.039831 -0.039582 -0.231776 0.971147
18.600100 -1.363237 -8.971444 0.715071 0.040882 -0.036053 -0.226876 0.972397
18.633400 -1.297337 -8.781162 0.672670 0.042113 -0.032837 -0.221962 0.973592
18.666700 -1.226089 -8.590429 0.624296 0.043384 -0.028912 -0.217064 0.974764
18.700100 -1.155851 -8.397375 0.567762 0.044468 -0.025389 -0.212082 0.975909
18.733400 -1.082299 -8.204060 0.504423 0.045235 -0.021764 -0.207105 0.977030
18.766700 -1.019182 -8.007924 0.433373 0.046344 -0.018578 -0.202081 0.978095
18.800100 -0.954097 -7.809002 0.360341 0.047379 -0.015362 -0.196987 0.979140
18.833400 -0.889168 -7.609487 0.280985 0.048449 -0.012108 -0.191857 0.980151
18.866700 -0.826883 -7.411112 0.190701 0.049342 -0.008371 -0.186804 0.981122
18.900100 -0.764229 -7.211838 0.096807 0.050138 -0.004993 -0.181761 0.982051
18.933400 -0.706157 -7.011719 -0.005335 0.050645 -0.001008 -0.176722 0.982957
18.966700 -0.648863 -6.810104 -0.106324 0.051162 0.002001 -0.171615 0.983833
19.000100 -0.592707 -6.607950 -0.201856 0.052110 0.004811 -0.166502 0.984651
19.033400 -0.539995 -6.408193 -0.304922 0.052518 0.008269 -0.161479 0.985443
19.066700 -0.488650 -6.206842 -0.409391 0.052655 0.011858 -0.156451 0.986210
19.100100 -0.438371 -6.003896 -0.513438 0.052619 0.015436 -0.151437 0.986945
19.133400 -0.391032 -5.798841 -0.613518 0.052616 0.019503 -0.146362 0.987638
19.166700 -0.345101 -5.594081 -0.707575 0.052408 0.022752 -0.141280 0.988320
19.200100 -0.300076 -5.390644 -0.792858 0.052215 0.025940 -0.136239 0.988959
19.233400 -0.258644 -5.186540 -0.873587 0.051876 0.029419 -0.131176 0.989564
19.266700 -0.217443 -4.983213 -0.945556 0.051493 0.032722 -0.126117 0.990138
19.300000 -0.178686 -4.778811 -1.011494 0.050858 0.036066 -0.121099 0.990680
19.333400 -0.140683 -4.576487 -1.064819 0.050392 0.039214 -0.116060 0.991188
19.366700 -0.106680 -4.374565 -1.110971 0.049794 0.042893 -0.111126 0.991631
19.400000 -0.072302 -4.175668 -1.146373 0.048933 0.045624 -0.106018 0.992111
19.433400 -0.040325 -3.974176 -1.171826 0.048504 0.048641 -0.101077 0.992504
19.466700 -0.011502 -3.775006 -1.187796 0.047202 0.052032 -0.095982 0.992901
19.500000 0.017231 -3.575791 -1.191880 0.046165 0.054930 -0.090944 0.993268
19.533400 0.043218 -3.375660 -1.183884 0.045079 0.057739 -0.085696 0.993625
19.566700 0.068796 -3.173619 -1.167545 0.043882 0.060626 -0.080640 0.993930
19.600000 0.091622 -2.973042 -1.141112 0.042565 0.063354 -0.075395 0.994228
19.633400 0.113789 -2.769899 -1.104623 0.041174 0.065892 -0.070273 0.994497
19.666700 0.133478 -2.567721 -1.056383 0.039750 0.068447 -0.065069 0.994737
19.700000 0.152219 -2.366928 -0.994619 0.038028 0.070898 -0.059764 0.994965
19.733400 0.168310 -2.162635 -0.924200 0.036591 0.073287 -0.054545 0.995146
19.766700 0.183928 -1.956861 -0.847527 0.034995 0.075422 -0.049283 0.995318
19.800000 0.197616 -1.751190 -0.760283 0.033482 0.077701 -0.043829 0.995450
19.833400 0.208657 -1.543887 -0.671986 0.031851 0.079978 -0.038597 0.995540
19.866700 0.220887 -1.336050 -0.579414 0.030036 0.081771 -0.033283 0.995642
19.900000 0.230961 -1.127908 -0.480170 0.028454 0.083602 -0.027803 0.995705
19.933400 0.239105 -0.915980 -0.379459 0.026581 0.085438 -0.022453 0.995736
19.966700 0.244012 -0.707182 -0.277912 0.024447 0.087040 -0.017102 0.995758
