0.500000 -0.139349 2.657856 0.730915 0.031400 0.038691 0.065647 0.996598
0.533333 -0.161496 2.860702 0.720268 0.030131 0.041612 0.070765 0.996169
0.566667 -0.180419 3.063568 0.698069 0.028997 0.046798 0.075960 0.995590
0.600000 -0.203604 3.266062 0.665027 0.026640 0.050954 0.080932 0.995060
0.633333 -0.227891 3.468575 0.621691 0.025070 0.055245 0.086172 0.994431
0.666667 -0.255363 3.671077 0.567853 0.022868 0.058173 0.091288 0.993861
0.700000 -0.283257 3.874255 0.505467 0.020733 0.062019 0.096486 0.993184
0.733334 -0.312408 4.076610 0.437962 0.019118 0.065266 0.101643 0.992494
0.766667 -0.343476 4.278256 0.362153 0.017228 0.067852 0.106915 0.991801
0.800000 -0.376230 4.479171 0.279548 0.015415 0.071564 0.112007 0.991007
0.833334 -0.412566 4.680844 0.189773 0.013586 0.073712 0.117322 0.990261
0.866667 -0.446556 4.878035 0.097807 0.012162 0.077283 0.122401 0.989392
0.900000 -0.484081 5.077153 0.001200 0.010543 0.079519 0.127615 0.988575
0.933334 -0.522554 5.274606 -0.094657 0.009376 0.081653 0.132813 0.987727
0.966667 -0.562921 5.470420 -0.193141 0.008058 0.083623 0.138020 0.986860
1.000000 -0.605224 5.667447 -0.294955 0.006276 0.085384 0.143248 0.985977
1.033330 -0.649653 5.865694 -0.398987 0.004442 0.087613 0.148476 0.985017
1.066670 -0.696344 6.065484 -0.503622 0.002327 0.089184 0.153843 0.984060
1.100000 -0.743016 6.264680 -0.603435 0.000452 0.090161 0.159120 0.983134
1.133330 -0.790565 6.462301 -0.686008 0.000009 0.091325 0.164326 0.982169
1.166670 -0.840761 6.656259 -0.771153 -0.001336 0.092581 0.169543 0.981164
1.200000 -0.894056 6.848326 -0.850188 -0.002885 0.093893 0.174782 0.980116
1.233330 -0.950082 7.040287 -0.926170 -0.004469 0.095050 0.179953 0.979062
1.266670 -1.006676 7.235397 -0.979333 -0.004800 0.096072 0.185249 0.977972
1.300000 -1.065113 7.428057 -1.023720 -0.005330 0.097242 0.190516 0.976841
1.333330 -1.126923 7.621138 -1.081852 -0.007737 0.098283 0.195829 0.975670
1.366670 -1.191561 7.818940 -1.126658 -0.009496 0.099174 0.201103 0.974491
1.400000 -1.257226 8.005686 -1.162725 -0.011601 0.100352 0.206348 0.973250
1.433330 -1.322672 8.190661 -1.179920 -0.013436 0.101115 0.211505 0.972040
1.466670 -1.390730 8.370362 -1.190237 -0.015345 0.101780 0.216728 0.970791
1.500000 -1.458323 8.547759 -1.194093 -0.017350 0.102387 0.221942 0.969514
1.533330 -1.524927 8.723947 -1.186846 -0.019634 0.102409 0.227191 0.968252
1.566670 -1.591076 8.902618 -1.170111 -0.021613 0.101678 0.232433 0.967042
1.600000 -1.656020 9.076583 -1.138115 -0.023741 0.100940 0.237628 0.965806
1.633330 -1.726080 9.260638 -1.103018 -0.025965 0.100633 0.242915 0.964464
1.666670 -1.792438 9.442336 -1.056918 -0.028216 0.099187 0.248132 0.963222
1.700000 -1.862016 9.618444 -1.001619 -0.030117 0.098654 0.253240 0.961889
1.733330 -1.934347 9.795244 -0.936641 -0.031909 0.098529 0.258366 0.960479
1.766670 -2.010044 9.960129 -0.858425 -0.033830 0.098020 0.263600 0.959043
1.800000 -2.086591 10.129408 -0.776977 -0.035555 0.096705 0.268815 0.957665
1.833330 -2.162353 10.294431 -0.688216 -0.037660 0.094773 0.274013 0.956304
1.866670 -2.238877 10.459111 -0.595517 -0.039455 0.093129 0.279188 0.954895
1.900000 -2.320952 10.632056 -0.497914 -0.041056 0.091795 0.284398 0.953418
1.933330 -2.404362 10.804580 -0.396292 -0.042456 0.090652 0.289588 0.951903
1.966670 -2.488111 10.970541 -0.292784 -0.043924 0.088740 0.294706 0.950444
2.000000 -2.572383 11.140140 -0.186946 -0.045430 0.086805 0.299794 0.948960
2.033330 -2.659078 11.309148 -0.082054 -0.046816 0.084480 0.304913 0.947470
2.066670 -2.748718 11.475183 0.021290 -0.047969 0.082724 0.310087 0.945887
2.100000 -2.837638 11.640064 0.119564 -0.049319 0.080023 0.315082 0.944398
2.133330 -2.927520 11.803796 0.216440 -0.050329 0.077563 0.320175 0.942836
2.166670 -3.019634 11.966572 0.309697 -0.051363 0.075668 0.325218 0.941207
2.200000 -3.112205 12.130509 0.394889 -0.052314 0.072997 0.330180 0.939636
2.233330 -3.205815 12.286987 0.473231 -0.053396 0.070498 0.335184 0.937993
2.266670 -3.300659 12.443494 0.542629 -0.054306 0.068017 0.340152 0.936334
2.300000 -3.396708 12.599039 0.607065 -0.055091 0.065277 0.345117 0.934665
2.333330 -3.495199 12.752180 0.661663 -0.055898 0.062509 0.350045 0.932972
2.366670 -3.594417 12.904264 0.710545 -0.056360 0.059300 0.354963 0.931294
2.400000 -3.697415 13.055046 0.749033 -0.056503 0.056638 0.359937 0.929540
2.433330 -3.799318 13.206135 0.771390 -0.057047 0.053752 0.364826 0.927770
2.466670 -3.902030 13.354702 0.786777 -0.057492 0.050648 0.369676 0.925996
2.500000 -4.005700 13.501006 0.790953 -0.057806 0.047400 0.374493 0.924211
2.533330 -4.110511 13.644985 0.786180 -0.057740 0.044524 0.379314 0.922391
2.566670 -4.217664 13.787534 0.769618 -0.057884 0.041223 0.384171 0.920523
2.600000 -4.327314 13.930905 0.738386 -0.058122 0.037842 0.388961 0.918640
2.633330 -4.437994 14.072068 0.698997 -0.057956 0.034567 0.393774 0.916727
2.666670 -4.547918 14.213150 0.648195 -0.057905 0.031501 0.398555 0.914773
2.700000 -4.660862 14.350562 0.588427 -0.057430 0.028431 0.403323 0.912811
2.733330 -4.776286 14.489444 0.517665 -0.057355 0.024879 0.408041 0.910820
2.766670 -4.888640 14.624814 0.438900 -0.056823 0.022110 0.412761 0.908796
2.800000 -5.016426 14.771909 0.355564 -0.056487 0.018271 0.417499 0.906736
2.833330 -5.141009 14.902613 0.266024 -0.056313 0.014567 0.422175 0.904646
2.866670 -5.257407 15.031923 0.172705 -0.054374 0.012517 0.427529 0.902278
2.900000 -5.378767 15.160433 0.074698 -0.054659 0.007887 0.431493 0.900424
2.933330 -5.496039 15.283950 -0.023449 -0.053436 0.005251 0.436066 0.898312
2.966670 -5.617705 15.403550 -0.123806 -0.052327 0.001538 0.440609 0.896172
3.000000 -5.753251 15.541615 -0.223600 -0.051760 -0.002151 0.445396 0.893834
3.033330 -5.878552 15.664732 -0.324815 -0.050762 -0.005477 0.450010 0.891563
3.066670 -6.002941 15.782844 -0.424949 -0.049479 -0.009193 0.454489 0.889330
3.100000 -6.130427 15.909674 -0.523078 -0.048315 -0.012274 0.459071 0.887000
3.133330 -6.259508 16.031194 -0.617868 -0.046376 -0.015627 0.463608 0.884688
3.166670 -6.385813 16.147249 -0.707506 -0.044819 -0.018848 0.468122 0.882325
3.200000 -6.513104 16.263617 -0.791979 -0.042932 -0.022186 0.472589 0.879957
3.233330 -6.642584 16.380039 -0.872436 -0.041084 -0.025595 0.477091 0.877520
3.266660 -6.768032 16.492179 -0.944109 -0.039453 -0.028570 0.481460 0.875113
3.300000 -6.898733 16.598830 -1.008606 -0.037323 -0.031726 0.485835 0.872677
3.333330 -7.029232 16.709715 -1.063915 -0.035116 -0.034839 0.490235 0.870185
3.366660 -7.161553 16.818399 -1.109115 -0.032797 -0.037894 0.494585 0.867683
3.400000 -7.294437 16.926370 -1.145421 -0.030385 -0.041181 0.498933 0.865128
3.433330 -7.427063 17.029707 -1.169008 -0.027633 -0.043987 0.503227 0.862591
3.466660 -7.559029 17.130138 -1.180361 -0.024869 -0.046976 0.507417 0.860060
3.500000 -7.694225 17.228409 -1.181156 -0.022285 -0.049567 0.511721 0.857431
3.533330 -7.828751 17.325432 -1.173032 -0.019680 -0.052191 0.515980 0.854783
3.566660 -7.965567 17.418437 -1.153483 -0.016734 -0.054460 0.520170 0.852160
3.600000 -8.099319 17.513000 -1.121353 -0.013727 -0.056952 0.524361 0.849479
3.633330 -8.231165 17.603558 -1.074127 -0.010694 -0.059308 0.528446 0.846825
3.666660 -8.364371 17.694464 -1.018221 -0.007543 -0.062135 0.532528 0.844095
3.700000 -8.502675 17.776804 -0.957722 -0.004076 -0.063276 0.536658 0.841414
3.733330 -8.635550 17.861598 -0.886174 -0.001296 -0.064890 0.540759 0.838670
3.766660 -8.765412 17.949248 -0.807301 0.001250 -0.068120 0.544802 0.835793
3.800000 -8.909651 18.023710 -0.724031 0.004360 -0.069064 0.549046 0.832922
3.833330 -9.065948 18.107293 -0.641895 0.007317 -0.070954 0.553379 0.829870
3.866660 -9.209106 18.186259 -0.546256 0.009994 -0.072053 0.557626 0.826899
3.900000 -9.361900 18.263853 -0.452347 0.013496 -0.073816 0.561797 0.823865
3.933330 -9.518141 18.328278 -0.355203 0.016636 -0.074487 0.566095 0.820799
3.966660 -9.673303 18.402768 -0.248989 0.019947 -0.075989 0.570374 0.817619
4.000000 -9.817914 18.467781 -0.140812 0.022883 -0.077170 0.574495 0.814541
4.033330 -9.969433 18.535122 -0.032136 0.026112 -0.078172 0.578686 0.811375
4.066660 -10.119010 18.598185 0.074911 0.029171 -0.078538 0.582863 0.808240
4.100000 -10.271924 18.660769 0.184145 0.032497 -0.079424 0.587042 0.804995
4.133330 -10.425573 18.720687 0.285676 0.035424 -0.079950 0.591259 0.801727
4.166660 -10.578747 18.770337 0.380054 0.038405 -0.080322 0.595499 0.798407
4.200000 -10.728548 18.822056 0.468863 0.040902 -0.080999 0.599642 0.795108
4.233330 -10.885044 18.877119 0.549945 0.043756 -0.080677 0.603942 0.791726
4.266660 -11.036344 18.926680 0.623097 0.046086 -0.081075 0.608082 0.788377
4.300000 -11.189402 18.976673 0.689805 0.048474 -0.080961 0.612286 0.784985
4.333330 -11.342404 19.023690 0.747603 0.050893 -0.080850 0.616457 0.781571
4.366660 -11.502751 19.074144 0.802073 0.053829 -0.080207 0.620690 0.778083
4.400000 -11.661686 19.120841 0.842428 0.056222 -0.079873 0.624924 0.774551
4.433330 -11.822004 19.161666 0.874265 0.058528 -0.079648 0.629113 0.771004
4.466660 -11.979823 19.199117 0.892006 0.060840 -0.079293 0.633261 0.767458
4.500000 -12.137393 19.236194 0.897054 0.062869 -0.078488 0.637387 0.763953
4.533330 -12.296008 19.269672 0.890897 0.064810 -0.077706 0.641552 0.760377
4.566660 -12.454701 19.299500 0.875910 0.067012 -0.076773 0.645662 0.756793
4.600000 -12.614276 19.330994 0.852091 0.068613 -0.075780 0.649783 0.753214
4.633330 -12.770921 19.357588 0.815607 0.070685 -0.074569 0.653847 0.749618
4.666660 -12.929428 19.377660 0.767564 0.072257 -0.073504 0.657886 0.746031
4.700000 -13.086001 19.403285 0.713856 0.073960 -0.071719 0.661883 0.742494
4.733330 -13.242847 19.425895 0.651466 0.075508 -0.070052 0.665852 0.738940
4.766660 -13.402093 19.440415 0.577869 0.076786 -0.068966 0.669925 0.735220
4.800000 -13.559927 19.473262 0.502695 0.078087 -0.066305 0.673845 0.731737
4.833330 -13.721835 19.487411 0.418727 0.079219 -0.064807 0.677797 0.728090
4.866660 -13.880277 19.496515 0.328404 0.080481 -0.062750 0.681751 0.724432
4.900000 -14.039112 19.507677 0.231732 0.081357 -0.060880 0.685687 0.720769
4.933330 -14.199083 19.517178 0.130368 0.082136 -0.058914 0.689602 0.717100
4.966660 -14.354564 19.532331 0.026040 0.082727 -0.056036 0.693445 0.713548
5.000000 -14.512848 19.531949 -0.078574 0.083525 -0.054039 0.697291 0.709851
5.033330 -14.670143 19.529308 -0.183316 0.084075 -0.051798 0.701138 0.706154
5.066660 -14.829232 19.535154 -0.294138 0.084286 -0.049426 0.704989 0.702456
5.100000 -14.982734 19.533267 -0.402347 0.084321 -0.047079 0.708751 0.698817
5.133330 -15.140817 19.537747 -0.508171 0.083792 -0.044424 0.712568 0.695164
5.166660 -15.302004 19.529181 -0.609674 0.083715 -0.042329 0.716363 0.691393
5.200000 -15.466305 19.524490 -0.719365 0.082797 -0.040628 0.720176 0.687634
5.233330 -15.621411 19.512130 -0.804018 0.082629 -0.038202 0.723881 0.683892
5.266660 -15.781982 19.506357 -0.896056 0.081610 -0.036410 0.727665 0.680086
5.300000 -15.938365 19.493351 -0.966537 0.081124 -0.034133 0.731346 0.676304
5.333330 -16.093562 19.483579 -1.024322 0.080489 -0.031083 0.734971 0.672586
5.366660 -16.248347 19.465517 -1.073699 0.080025 -0.028455 0.738560 0.668817
5.400000 -16.402382 19.445390 -1.111119 0.079659 -0.025843 0.742111 0.665025
5.433330 -16.555319 19.423335 -1.139521 0.078812 -0.023553 0.745684 0.661203
5.466660 -16.709805 19.396845 -1.155102 0.077905 -0.021077 0.749214 0.657393
5.500000 -16.866629 19.369389 -1.161682 0.077110 -0.018067 0.752763 0.653510
5.533330 -17.018729 19.342891 -1.154077 0.076237 -0.015243 0.756154 0.649759
5.566660 -17.172760 19.311264 -1.140972 0.074723 -0.013119 0.759672 0.645866
5.600000 -17.325807 19.276998 -1.112531 0.073391 -0.010146 0.763078 0.642046
5.633330 -17.480769 19.241269 -1.083469 0.072015 -0.007925 0.766478 0.638171
5.666660 -17.631517 19.204215 -1.032813 0.071243 -0.006375 0.769832 0.634225
5.700000 -17.782551 19.160175 -0.977244 0.068869 -0.002875 0.773146 0.630471
5.733330 -17.932853 19.116041 -0.910573 0.067364 0.000539 0.776391 0.626641
5.766660 -18.083941 19.070290 -0.838178 0.065463 0.003246 0.779695 0.622719
5.800000 -18.234596 19.022987 -0.757121 0.063568 0.006010 0.782921 0.618836
5.833330 -18.385965 18.973925 -0.674780 0.061770 0.008453 0.786130 0.614909
5.866660 -18.536350 18.927263 -0.585576 0.059663 0.010943 0.789333 0.610962
5.900000 -18.685728 18.874270 -0.491869 0.057361 0.013455 0.792457 0.607075
5.933330 -18.835731 18.819210 -0.395782 0.054979 0.015827 0.795604 0.603109
5.966660 -18.986734 18.761855 -0.301233 0.052633 0.018113 0.798680 0.599176
6.000000 -19.134173 18.701536 -0.196322 0.050168 0.020540 0.801778 0.595159
6.033330 -19.289645 18.639648 -0.102893 0.047253 0.022174 0.804816 0.591225
6.066660 -19.438833 18.574489 -0.000581 0.044622 0.024300 0.807871 0.587165
6.100000 -19.591322 18.509293 0.095462 0.041946 0.026351 0.810853 0.583149
6.133330 -19.736708 18.442002 0.193427 0.039619 0.029414 0.813839 0.578992
6.166660 -19.894896 18.371765 0.275579 0.036314 0.030415 0.816777 0.575005
6.200000 -20.038834 18.302349 0.360592 0.033704 0.033045 0.819664 0.570896
6.233330 -20.183049 18.228199 0.438524 0.030735 0.035049 0.822448 0.566926
6.266660 -20.326285 18.152814 0.508985 0.027652 0.037244 0.825267 0.562835
6.300000 -20.467916 18.072980 0.572290 0.024708 0.039127 0.827994 0.558824
6.333330 -20.608454 17.993380 0.627165 0.021686 0.041203 0.830751 0.554694
6.366660 -20.750810 17.910434 0.671249 0.018486 0.042703 0.833449 0.550634
6.400000 -20.891638 17.828487 0.704981 0.015051 0.044463 0.836142 0.546500
6.433330 -21.033143 17.742226 0.726696 0.011870 0.045904 0.838802 0.542369
6.466660 -21.186249 17.651256 0.733520 0.008387 0.046093 0.841550 0.538143
6.500000 -21.324050 17.569491 0.734743 0.005006 0.048165 0.844162 0.533896
6.533330 -21.465558 17.478775 0.721083 0.001760 0.048840 0.846750 0.529742
6.566660 -21.599709 17.390456 0.700332 -0.001459 0.050558 0.849262 0.525544
6.600000 -21.733690 17.299539 0.667460 -0.004685 0.051931 0.851818 0.521236
6.633330 -21.868496 17.203943 0.622773 -0.008104 0.052825 0.854302 0.517022
6.666660 -21.999916 17.107091 0.569756 -0.011453 0.053761 0.856739 0.512813
6.700000 -22.131762 17.007906 0.505464 -0.014904 0.054500 0.859171 0.508559
6.733330 -22.258277 16.905576 0.433337 -0.017585 0.055240 0.861693 0.504107
6.766660 -22.395740 16.796161 0.352367 -0.021464 0.055644 0.864127 0.499728
6.799990 -22.539629 16.682837 0.267243 -0.024537 0.055618 0.866699 0.495114
6.833330 -22.666904 16.576972 0.176015 -0.028065 0.055818 0.869007 0.490839
6.866660 -22.795752 16.467212 0.078650 -0.031308 0.056164 0.871357 0.486417
6.899990 -22.931779 16.351376 -0.021559 -0.034440 0.056065 0.873802 0.481810
6.933330 -23.094050 16.221801 -0.125064 -0.037001 0.054603 0.876559 0.476754
6.966660 -23.233033 16.099681 -0.231181 -0.040389 0.053819 0.879105 0.471855
6.999990 -23.360581 15.983463 -0.338896 -0.043356 0.053869 0.881387 0.467307
7.033330 -23.486912 15.866420 -0.447164 -0.046358 0.053232 0.883669 0.462760
7.066660 -23.615884 15.745418 -0.553199 -0.049301 0.053373 0.885949 0.458057
7.099990 -23.747757 15.621387 -0.656071 -0.051952 0.052875 0.888273 0.453295
7.133330 -23.872299 15.497782 -0.755736 -0.054859 0.052186 0.890496 0.448647
7.166660 -23.999893 15.368651 -0.852431 -0.057591 0.051562 0.892753 0.443865
7.199990 -24.134662 15.236222 -0.943793 -0.060098 0.050629 0.895177 0.438729
7.233330 -24.258257 15.107518 -1.028122 -0.062844 0.049774 0.897338 0.434001
7.266660 -24.389502 14.971270 -1.110538 -0.065291 0.048524 0.899570 0.429134
7.299990 -24.517107 14.832983 -1.183943 -0.067635 0.047312 0.901789 0.424221
7.333330 -24.642305 14.694362 -1.248084 -0.069851 0.046161 0.903970 0.419319
7.366660 -24.765551 14.560493 -1.300130 -0.071900 0.044971 0.906107 0.414462
7.399990 -24.884349 14.423276 -1.340574 -0.074053 0.043574 0.908181 0.409665
7.433330 -25.007371 14.286648 -1.372521 -0.076187 0.042626 0.910330 0.404571
7.466660 -25.129332 14.144344 -1.392028 -0.078029 0.041414 0.912421 0.399606
7.499990 -25.247101 13.998881 -1.401383 -0.080020 0.040069 0.914467 0.394641
7.533330 -25.365107 13.850651 -1.400652 -0.082052 0.038816 0.916489 0.389626
7.566660 -25.480389 13.700180 -1.388669 -0.083836 0.037212 0.918490 0.384659
7.599990 -25.592111 13.546474 -1.361796 -0.085251 0.035789 0.920495 0.379659
7.633330 -25.704837 13.393146 -1.327087 -0.087023 0.034096 0.922422 0.374703
7.666660 -25.815059 13.234604 -1.282184 -0.088547 0.032344 0.924377 0.369650
7.699990 -25.926868 13.078138 -1.227180 -0.089623 0.030359 0.926350 0.364585
7.733330 -26.037393 12.917934 -1.163986 -0.090886 0.028587 0.928273 0.359489
7.766660 -26.145418 12.759220 -1.092289 -0.091990 0.026702 0.930133 0.354511
7.799990 -26.249356 12.598235 -1.013762 -0.093013 0.024931 0.931986 0.349470
7.833330 -26.353870 12.437500 -0.927625 -0.094002 0.023039 0.933832 0.344369
7.866660 -26.453310 12.274865 -0.834883 -0.094724 0.021419 0.935613 0.339406
7.899990 -26.554352 12.109687 -0.738505 -0.095382 0.019253 0.937404 0.334374
7.933330 -26.653132 11.938383 -0.640302 -0.095973 0.017107 0.939176 0.329310
7.966660 -26.755125 11.768787 -0.538520 -0.096374 0.014936 0.940970 0.324136
7.999990 -26.856635 11.590702 -0.438087 -0.096459 0.013136 0.942767 0.318925
8.033330 -26.956779 11.415161 -0.338254 -0.096771 0.010964 0.944488 0.313779
8.066660 -27.056229 11.239372 -0.239515 -0.096756 0.009009 0.946204 0.308635
8.099990 -27.150622 11.065442 -0.139702 -0.096771 0.006783 0.947867 0.303542
8.133330 -27.249405 10.888783 -0.045195 -0.096668 0.004657 0.949542 0.298334
8.166660 -27.345625 10.708897 0.046180 -0.096321 0.002387 0.951197 0.293157
8.200000 -27.438038 10.530447 0.132152 -0.095913 0.000283 0.952810 0.288017
8.233330 -27.528313 10.352574 0.211473 -0.095457 -0.002078 0.954383 0.282908
8.266660 -27.620659 10.169257 0.280648 -0.094840 -0.004016 0.955978 0.277661
8.300000 -27.709372 9.984990 0.343618 -0.094020 -0.006365 0.957559 0.272398
8.333330 -27.792472 9.803807 0.394835 -0.093214 -0.008730 0.959043 0.267340
8.366660 -27.877431 9.619215 0.438317 -0.092040 -0.010824 0.960585 0.262082
8.400000 -27.960360 9.434076 0.472395 -0.090902 -0.013183 0.962052 0.256941
8.433330 -28.041843 9.248701 0.495921 -0.089337 -0.015642 0.963513 0.251826
8.466670 -28.119995 9.059610 0.508805 -0.088160 -0.017667 0.964872 0.246856
8.500000 -28.187837 8.890367 0.517412 -0.086861 -0.019152 0.966222 0.241873
8.533330 -28.262217 8.705256 0.507537 -0.085286 -0.021314 0.967579 0.236776
8.566670 -28.334144 8.519713 0.485822 -0.083592 -0.023343 0.968907 0.231705
8.600000 -28.402818 8.330166 0.455144 -0.081610 -0.025641 0.970196 0.226721
8.633340 -28.471722 8.139743 0.415236 -0.079467 -0.027796 0.971497 0.221600
8.666670 -28.538372 7.949958 0.366146 -0.077292 -0.029892 0.972741 0.216583
8.700000 -28.607788 7.761710 0.307231 -0.075589 -0.031266 0.973969 0.211409
8.733340 -28.671892 7.572810 0.239556 -0.073132 -0.033102 0.975161 0.206438
8.766670 -28.735368 7.382557 0.163538 -0.070923 -0.034804 0.976313 0.201422
8.800000 -28.795222 7.194563 0.078843 -0.068439 -0.036701 0.977434 0.196447
8.833340 -28.856033 7.008203 -0.011794 -0.066131 -0.038376 0.978520 0.191450
8.866670 -28.913625 6.816730 -0.106123 -0.064249 -0.039682 0.979550 0.186490
8.900010 -28.970810 6.629019 -0.209845 -0.060951 -0.041314 0.980641 0.181443
8.933340 -29.023433 6.435928 -0.318012 -0.058225 -0.043241 0.981639 0.176423
8.966670 -29.075379 6.240933 -0.425373 -0.055716 -0.044561 0.982617 0.171391
9.000010 -29.125466 6.048719 -0.534523 -0.052589 -0.045885 0.983592 0.166361
9.033340 -29.173939 5.855353 -0.643475 -0.049795 -0.047346 0.984505 0.161331
9.066670 -29.221200 5.657768 -0.757640 -0.046809 -0.049371 0.985376 0.156223
9.100010 -29.266951 5.463553 -0.863162 -0.044284 -0.050476 0.986221 0.151194
9.133340 -29.314340 5.267950 -0.967024 -0.040729 -0.051997 0.987043 0.146231
9.166680 -29.360174 5.071174 -1.064543 -0.037923 -0.053150 0.987839 0.141107
9.200010 -29.403335 4.873382 -1.157500 -0.034364 -0.053957 0.988620 0.136152
9.233340 -29.445079 4.674713 -1.244085 -0.031483 -0.054838 0.989356 0.131060
9.266680 -29.484835 4.476085 -1.322950 -0.027963 -0.055571 0.990061 0.126132
9.300010 -29.524756 4.275732 -1.394128 -0.025258 -0.056471 0.990739 0.120873
9.333340 -29.567023 4.071307 -1.458687 -0.021095 -0.057473 0.991392 0.115733
9.366680 -29.606300 3.866741 -1.512899 -0.017718 -0.058482 0.992000 0.110466
9.400010 -29.642599 3.660647 -1.557434 -0.014242 -0.059136 0.992573 0.105349
9.433350 -29.677284 3.455954 -1.589404 -0.010691 -0.059915 0.993105 0.100190
9.466680 -29.710217 3.250026 -1.610916 -0.007088 -0.060323 0.993613 0.095096
9.500010 -29.741328 3.046276 -1.620144 -0.003625 -0.060465 0.994092 0.090065
9.533350 -29.770912 2.842886 -1.618278 -0.000024 -0.060566 0.994531 0.085086
9.566680 -29.798523 2.639421 -1.607516 0.003588 -0.060517 0.994939 0.080131
9.600010 -29.822052 2.433543 -1.583960 0.007339 -0.060788 0.995299 0.075034
9.633350 -29.847612 2.228896 -1.552321 0.010877 -0.060509 0.995646 0.070066
9.666680 -29.871324 2.023267 -1.511333 0.014376 -0.060261 0.995955 0.065081
9.700020 -29.889801 1.817582 -1.458814 0.017775 -0.060128 0.996227 0.060009
9.733350 -29.910463 1.612624 -1.397213 0.021333 -0.059647 0.996473 0.055036
9.766680 -29.928486 1.405456 -1.326209 0.024953 -0.058958 0.996694 0.050020
9.800020 -29.941460 1.194456 -1.246457 0.028662 -0.058318 0.996881 0.044786
9.833350 -29.958323 0.982933 -1.161906 0.032262 -0.057330 0.997045 0.039676
9.866680 -29.973757 0.774742 -1.071416 0.035384 -0.056443 0.997177 0.034650
9.900020 -29.990434 0.564195 -0.976280 0.038948 -0.055586 0.997256 0.029560
9.933350 -29.996082 0.347743 -0.875884 0.042130 -0.054190 0.997353 0.023991
9.966690 -30.006534 0.119848 -0.775402 0.045884 -0.053239 0.997356 0.018456
10.000000 -30.016420 -0.097587 -0.675417 0.048794 -0.052227 0.997356 0.013135
10.033400 -30.020826 -0.314786 -0.575469 0.051650 -0.051085 0.997327 0.007793
10.066700 -30.023064 -0.531427 -0.472504 0.055116 -0.049447 0.997252 0.002516
10.100000 -30.027246 -0.747171 -0.375224 0.058197 -0.048176 0.997138 -0.002729
10.133400 -30.027132 -0.963987 -0.282016 0.060393 -0.046735 0.997048 -0.008009
10.166700 -30.027136 -1.179765 -0.193338 0.062844 -0.045189 0.996909 -0.013420
10.200000 -30.019300 -1.392157 -0.107878 0.065822 -0.043495 0.996709 -0.018615
10.233400 -30.008935 -1.606995 -0.028585 0.068451 -0.041935 0.996488 -0.023837
10.266700 -30.000595 -1.806758 0.050912 0.070891 -0.039212 0.996292 -0.028966
10.300000 -29.989928 -2.021091 0.114230 0.073399 -0.037624 0.996002 -0.034315
10.333400 -29.978638 -2.236235 0.169579 0.075591 -0.035720 0.995705 -0.039766
10.366700 -29.965801 -2.446749 0.216146 0.077380 -0.033981 0.995416 -0.044770
10.400000 -29.952216 -2.651605 0.254053 0.079229 -0.031519 0.995099 -0.050074
10.433400 -29.938295 -2.864379 0.281404 0.081177 -0.029471 0.994721 -0.055420
10.466700 -29.922651 -3.073120 0.297424 0.082892 -0.027456 0.994333 -0.060636
10.500000 -29.904864 -3.280978 0.301594 0.084498 -0.025451 0.993926 -0.065752
10.533400 -29.885596 -3.478323 0.296351 0.086009 -0.023023 0.993506 -0.070834
10.566700 -29.866652 -3.680787 0.279280 0.087347 -0.020711 0.993066 -0.075904
10.600000 -29.843109 -3.881028 0.249979 0.088753 -0.018548 0.992590 -0.080897
10.633400 -29.819535 -4.082494 0.209979 0.089683 -0.015898 0.992119 -0.086047
10.666700 -29.792720 -4.281890 0.160240 0.090868 -0.013850 0.991576 -0.091264
10.700000 -29.762732 -4.482721 0.100695 0.091913 -0.011649 0.991018 -0.096435
10.733400 -29.731353 -4.676427 0.028432 0.092457 -0.009292 0.990461 -0.101750
10.766700 -29.697738 -4.870634 -0.052827 0.092998 -0.007088 0.989865 -0.107087
10.800000 -29.658146 -5.073493 -0.141340 0.093535 -0.005002 0.989225 -0.112521
10.833400 -29.620890 -5.277812 -0.234366 0.093732 -0.002838 0.988583 -0.117941
10.866700 -29.582524 -5.482912 -0.331780 0.094324 -0.000685 0.987864 -0.123403
10.900000 -29.544293 -5.688857 -0.433555 0.094165 0.001339 0.987184 -0.128839
10.933400 -29.503215 -5.895134 -0.538886 0.094270 0.003186 0.986444 -0.134281
10.966700 -29.461737 -6.099640 -0.645309 0.093966 0.005703 0.985708 -0.139708
11.000000 -29.419073 -6.302710 -0.749186 0.093637 0.008221 0.984944 -0.145086
11.033400 -29.375030 -6.505452 -0.854581 0.093278 0.010665 0.984165 -0.150349
11.066700 -29.329670 -6.705610 -0.960319 0.092879 0.012719 0.983354 -0.155649
11.100000 -29.279290 -6.904670 -1.061915 0.092325 0.015044 0.982524 -0.160923
11.133400 -29.229979 -7.104101 -1.161220 0.091635 0.017102 0.981665 -0.166267
11.166700 -29.175897 -7.293289 -1.249217 0.090501 0.019724 0.980832 -0.171431
11.200000 -29.118233 -7.488149 -1.335520 0.089779 0.021653 0.979913 -0.176754
11.233400 -29.063252 -7.682473 -1.415853 0.088575 0.023815 0.979014 -0.181986
11.266700 -29.006561 -7.869307 -1.484581 0.087251 0.026180 0.978108 -0.187103
11.300000 -28.946215 -8.061146 -1.546875 0.086232 0.028028 0.977116 -0.192411
11.333400 -28.884062 -8.252826 -1.601056 0.084584 0.029992 0.976148 -0.197688
11.366700 -28.822871 -8.443289 -1.646995 0.082939 0.031882 0.975168 -0.202859
11.400000 -28.759133 -8.632782 -1.680367 0.081184 0.033780 0.974154 -0.208066
11.433400 -28.700169 -8.823904 -1.713276 0.079181 0.035521 0.973149 -0.213190
11.466700 -28.635569 -9.013295 -1.727329 0.077252 0.037211 0.972095 -0.218355
11.500000 -28.570743 -9.201128 -1.736957 0.075121 0.038712 0.971043 -0.223458
11.533400 -28.504904 -9.388562 -1.733456 0.072879 0.040034 0.969966 -0.228588
11.566700 -28.437777 -9.575464 -1.717997 0.070709 0.041510 0.968847 -0.233692
11.600000 -28.370372 -9.762016 -1.692650 0.068171 0.043001 0.967730 -0.238751
11.633400 -28.300778 -9.948839 -1.656215 0.065749 0.044132 0.966576 -0.243846
11.666700 -28.226689 -10.136315 -1.614703 0.063231 0.045164 0.965382 -0.248998
11.700000 -28.153260 -10.321121 -1.557968 0.060578 0.046419 0.964175 -0.254050
11.733400 -28.074533 -10.504409 -1.491495 0.057783 0.047679 0.962915 -0.259196
11.766700 -27.999575 -10.686594 -1.416646 0.055090 0.048696 0.961665 -0.264184
11.800000 -27.921043 -10.867964 -1.340434 0.052260 0.049284 0.960399 -0.269210
11.833400 -27.839772 -11.045735 -1.253846 0.048866 0.050452 0.959098 -0.274223
11.866700 -27.762485 -11.223928 -1.160869 0.045836 0.051140 0.957798 -0.279118
11.900000 -27.678192 -11.401918 -1.069381 0.042629 0.051723 0.956428 -0.284170
11.933400 -27.602101 -11.580208 -0.968359 0.040471 0.052232 0.955040 -0.289020
11.966700 -27.514839 -11.753646 -0.868444 0.036026 0.052560 0.953685 -0.293980
12.000000 -27.428581 -11.929282 -0.768659 0.033007 0.052655 0.952252 -0.298921
12.033400 -27.338352 -12.103930 -0.668051 0.029478 0.052945 0.950767 -0.303924
12.066700 -27.248566 -12.277828 -0.569599 0.026357 0.052940 0.949269 -0.308855
12.100000 -27.155641 -12.449078 -0.472890 0.023135 0.052742 0.947743 -0.313795
12.133400 -27.064365 -12.621532 -0.376939 0.019871 0.052655 0.946197 -0.318660
12.166700 -26.964190 -12.788467 -0.284711 0.016790 0.052235 0.944607 -0.323586
12.200000 -26.867007 -12.959909 -0.196249 0.013653 0.052112 0.942973 -0.328481
12.233400 -26.769541 -13.125889 -0.114862 0.010283 0.051480 0.941365 -0.333282
12.266700 -26.672574 -13.288560 -0.039252 0.006993 0.051266 0.939708 -0.338041
12.300100 -26.572524 -13.450917 0.028229 0.003461 0.050782 0.938015 -0.342837
12.333400 -26.476000 -13.614062 0.087448 0.000221 0.050208 0.936395 -0.347337
12.366700 -26.375312 -13.772782 0.138154 -0.003189 0.049575 0.934579 -0.352270
12.400100 -26.269294 -13.925601 0.179065 -0.006246 0.048790 0.932808 -0.357000
12.433400 -26.169155 -14.077250 0.210010 -0.009585 0.048267 0.931009 -0.361664
12.466700 -26.065423 -14.230594 0.230519 -0.012863 0.047403 0.929184 -0.366340
12.500100 -25.956153 -14.382022 0.241051 -0.015896 0.046553 0.927320 -0.371023
12.533400 -25.849659 -14.532567 0.239124 -0.019377 0.045468 0.925422 -0.375700
12.566700 -25.743336 -14.683619 0.229015 -0.022932 0.044576 0.923484 -0.380347
12.600100 -25.631485 -14.827232 0.201279 -0.025895 0.043214 0.921533 -0.385018
12.633400 -25.512645 -14.962431 0.156564 -0.028967 0.041701 0.919522 -0.389744
12.666700 -25.402316 -15.105074 0.108845 -0.032235 0.040204 0.917515 -0.394350
12.700100 -25.287481 -15.248710 0.056447 -0.034990 0.038556 0.915474 -0.398994
12.733400 -25.175059 -15.386160 -0.009593 -0.038374 0.037021 0.913398 -0.403560
12.766700 -25.063406 -15.518731 -0.087755 -0.041402 0.035063 0.911347 -0.408047
12.800100 -24.950492 -15.659972 -0.164596 -0.044623 0.032993 0.909273 -0.412484
12.833400 -24.824946 -15.789800 -0.250072 -0.047232 0.031996 0.906985 -0.417280
12.866700 -24.707152 -15.916729 -0.350836 -0.050303 0.029782 0.904772 -0.421865
12.900100 -24.587946 -16.047153 -0.449900 -0.052958 0.027535 0.902576 -0.426374
12.933400 -24.466943 -16.173318 -0.552436 -0.055737 0.025407 0.900312 -0.430913
12.966700 -24.345658 -16.298793 -0.655908 -0.058399 0.023272 0.898026 -0.435428
13.000100 -24.227728 -16.417771 -0.766918 -0.061068 0.020785 0.895761 -0.439831
13.033400 -24.103275 -16.540378 -0.872371 -0.063544 0.018463 0.893386 -0.444390
13.066700 -23.978016 -16.661546 -0.976515 -0.066024 0.016159 0.890989 -0.448908
13.100100 -23.845998 -16.778640 -1.080570 -0.068298 0.013747 0.888496 -0.453565
13.133400 -23.715311 -16.895298 -1.176561 -0.069975 0.011660 0.885990 -0.458246
13.166700 -23.588646 -17.014300 -1.268852 -0.072569 0.008961 0.883510 -0.462669
13.200100 -23.459173 -17.130353 -1.354978 -0.074655 0.006580 0.880973 -0.467194
13.233400 -23.331673 -17.244671 -1.440804 -0.076551 0.003850 0.878469 -0.471612
13.266700 -23.200193 -17.355502 -1.512514 -0.078522 0.001322 0.875856 -0.476140
13.300100 -23.068571 -17.465442 -1.573682 -0.079991 -0.000821 0.873243 -0.480674
13.333400 -22.941921 -17.573164 -1.629885 -0.081537 -0.003599 0.870697 -0.485000
13.366700 -22.804241 -17.679594 -1.674624 -0.083022 -0.006043 0.867919 -0.489681
13.400100 -22.667752 -17.786562 -1.708083 -0.084370 -0.008460 0.865172 -0.494255
13.433400 -22.535120 -17.893938 -1.732014 -0.085476 -0.011115 0.862488 -0.498683
13.466700 -22.394662 -17.996409 -1.747910 0.086542 0.013530 -0.859659 0.503303
13.500100 -22.264121 -18.093183 -1.745652 0.087471 0.015909 -0.856978 0.507627
13.533400 -22.139325 -18.187008 -1.733674 0.088648 0.018122 -0.854262 0.511909
13.566700 -21.996423 -18.284041 -1.717553 0.089635 0.020487 -0.851284 0.516587
13.600100 -21.846747 -18.389451 -1.692736 0.089918 0.023558 -0.848331 0.521243
13.633400 -21.698300 -18.490765 -1.656523 0.090372 0.026148 -0.845356 0.525854
13.666700 -21.548703 -18.587031 -1.612156 0.090652 0.028741 -0.842395 0.530403
13.700100 -21.401219 -18.672133 -1.561362 0.091445 0.030931 -0.839372 0.534916
13.733400 -21.257583 -18.757530 -1.497289 0.091404 0.033613 -0.836425 0.539360
13.766700 -21.110465 -18.842112 -1.424958 0.091355 0.036115 -0.833406 0.543861
13.800100 -20.961559 -18.922726 -1.342192 0.091145 0.038139 -0.830348 0.548417
13.833400 -20.815475 -18.997888 -1.257769 0.091421 0.040428 -0.827267 0.552845
13.866700 -20.671961 -19.073460 -1.163512 0.090976 0.042771 -0.824251 0.557230
13.900100 -20.525578 -19.150855 -1.065468 0.090690 0.044874 -0.821162 0.561653
13.933400 -20.378716 -19.224966 -0.966799 0.090130 0.047303 -0.818057 0.566058
13.966700 -20.230883 -19.296435 -0.866731 0.089498 0.049591 -0.814952 0.570424
14.000100 -20.081284 -19.364584 -0.761777 0.088961 0.051502 -0.811777 0.574850
14.033400 -19.931272 -19.427583 -0.663072 0.088047 0.053600 -0.808614 0.579239
14.066700 -19.783537 -19.488100 -0.562775 0.086900 0.055838 -0.805466 0.583570
14.100100 -19.633349 -19.549348 -0.462553 0.086024 0.057582 -0.802241 0.587957
14.133400 -19.482819 -19.607513 -0.364791 0.084471 0.059549 -0.799071 0.592288
14.166700 -19.331490 -19.664998 -0.267720 0.083234 0.061029 -0.795812 0.596683
14.200100 -19.180194 -19.722540 -0.173823 0.081607 0.062468 -0.792576 0.601050
14.233400 -19.028465 -19.777960 -0.087437 0.079923 0.064037 -0.789347 0.605345
14.266700 -18.878572 -19.835345 -0.008674 0.077819 0.065118 -0.786182 0.609607
14.300100 -18.723543 -19.884355 0.060000 0.076233 0.066575 -0.782831 0.613948
14.333400 -18.568412 -19.932842 0.117892 0.074816 0.067618 -0.779490 0.618244
14.366700 -18.414002 -19.980603 0.166178 0.072907 0.068880 -0.776165 0.622501
14.400100 -18.256892 -20.025140 0.204964 0.070374 0.069845 -0.772859 0.626784
14.433400 -18.102777 -20.074476 0.232593 0.069115 0.070840 -0.769421 0.631028
14.466700 -17.952529 -20.122546 0.242708 0.067115 0.072205 -0.766132 0.635077
14.500100 -17.797750 -20.161389 0.248782 0.064563 0.073300 -0.762822 0.639188
14.533400 -17.643701 -20.200393 0.243946 0.062130 0.074084 -0.759487 0.643297
14.566700 -17.489205 -20.237476 0.227196 0.059916 0.074594 -0.756113 0.647409
14.600100 -17.337377 -20.268494 0.199252 0.057417 0.075039 -0.752777 0.651459
14.633400 -17.185000 -20.297848 0.160145 0.054947 0.075365 -0.749421 0.655491
14.666700 -17.030063 -20.330592 0.109757 0.052603 0.075802 -0.746009 0.659513
14.700100 -16.872794 -20.354644 0.051441 0.049723 0.075846 -0.742596 0.663571
14.733400 -16.719427 -20.372487 -0.013811 0.047239 0.075604 -0.739180 0.667582
14.766800 -16.560510 -20.392817 -0.090698 0.044355 0.075547 -0.735732 0.671583
14.800100 -16.408698 -20.407045 -0.170030 0.041942 0.075059 -0.732332 0.675498
14.833400 -16.251525 -20.422960 -0.260228 0.039104 0.074841 -0.728880 0.679414
14.866800 -16.092035 -20.434632 -0.356445 0.035780 0.074709 -0.725407 0.683318
14.900100 -15.934060 -20.449854 -0.456406 0.033166 0.074133 -0.721904 0.687211
14.933400 -15.775095 -20.458509 -0.554606 0.030311 0.073367 -0.718403 0.691083
14.966800 -15.615230 -20.463731 -0.659563 0.027174 0.072679 -0.714882 0.694927
15.000100 -15.456794 -20.470523 -0.766245 0.024320 0.071850 -0.711369 0.698713
15.033400 -15.298834 -20.471271 -0.875758 0.021119 0.070806 -0.707850 0.702487
15.066800 -15.140632 -20.476613 -0.985823 0.018763 0.069984 -0.704257 0.706238
15.100100 -14.980138 -20.467862 -1.090159 0.015177 0.068752 -0.700662 0.710011
15.133400 -14.823620 -20.464787 -1.189869 0.012291 0.067696 -0.697122 0.713643
15.166800 -14.660999 -20.449398 -1.276191 0.009017 0.066318 -0.693413 0.717425
15.200100 -14.505938 -20.441897 -1.365857 0.005870 0.065090 -0.689832 0.721014
15.233400 -14.347399 -20.426191 -1.442807 0.002562 0.063584 -0.686160 0.724662
15.266800 -14.192074 -20.415143 -1.516885 0.000046 0.061603 -0.682591 0.728199
15.300100 -14.033185 -20.398393 -1.576362 -0.003375 0.060079 -0.678860 0.731798
15.333400 -13.873857 -20.382877 -1.625524 -0.005917 0.057652 -0.675253 0.735306
15.366800 -13.715552 -20.364764 -1.664618 -0.008726 0.055287 -0.671609 0.738788
15.400100 -13.556518 -20.343514 -1.692028 -0.011699 0.053041 -0.667889 0.742277
15.433400 -13.400426 -20.324373 -1.716377 -0.014678 0.050954 -0.664224 0.745650
15.466800 -13.241781 -20.300705 -1.725260 -0.017186 0.048419 -0.660487 0.749078
15.500100 -13.084160 -20.270481 -1.723103 -0.020131 0.046015 -0.656673 0.752501
15.533400 -12.926439 -20.244565 -1.712618 -0.022661 0.043338 -0.652933 0.755835
15.566800 -12.768838 -20.214150 -1.692789 -0.025572 0.040963 -0.649127 0.759146
15.600100 -12.614016 -20.179890 -1.664023 -0.028172 0.038509 -0.645302 0.762436
15.633400 -12.459350 -20.146635 -1.625270 -0.030346 0.035719 -0.641493 0.765696
15.666800 -12.304047 -20.104928 -1.574622 -0.032862 0.032776 -0.637635 0.768940
15.700100 -12.150145 -20.064597 -1.516762 -0.035074 0.029870 -0.633786 0.772135
15.733400 -11.995790 -20.017697 -1.452535 -0.037316 0.027368 -0.629846 0.775340
15.766800 -11.839960 -19.970959 -1.378325 -0.039478 0.024334 -0.625860 0.778555
15.800100 -11.686627 -19.922991 -1.296397 -0.041801 0.021463 -0.621929 0.781663
15.833400 -11.531510 -19.872697 -1.206063 -0.043863 0.018431 -0.617913 0.784805
15.866800 -11.378086 -19.822354 -1.109057 -0.046176 0.015256 -0.613899 0.787885
15.900100 -11.226839 -19.764112 -1.009105 -0.047705 0.012458 -0.609862 0.790972
15.933400 -11.075905 -19.707532 -0.905843 -0.048892 0.009198 -0.605857 0.794017
15.966800 -10.925693 -19.648734 -0.799565 -0.050787 0.006155 -0.601810 0.796999
16.000100 -10.775863 -19.589641 -0.694146 -0.052318 0.002890 -0.597732 0.799982
16.033400 -10.628305 -19.522568 -0.594578 -0.054164 -0.000095 -0.593625 0.802917
16.066800 -10.474384 -19.455691 -0.491589 -0.055666 -0.003127 -0.589386 0.805925
16.100100 -10.321161 -19.396023 -0.389547 -0.057168 -0.006717 -0.584957 0.809019
16.133400 -10.172277 -19.313660 -0.292548 -0.056929 -0.010213 -0.580855 0.811950
16.166800 -10.018985 -19.240035 -0.203062 -0.059237 -0.012687 -0.576541 0.814819
16.200100 -9.871504 -19.166035 -0.114984 -0.060004 -0.016033 -0.572329 0.817669
16.233400 -9.724690 -19.089616 -0.030743 -0.061123 -0.019143 -0.568062 0.820490
16.266800 -9.576491 -19.011550 0.045951 -0.061808 -0.022398 -0.563725 0.823342
16.300100 -9.430773 -18.931317 0.114237 -0.062472 -0.025604 -0.559415 0.826134
16.333400 -9.286170 -18.847118 0.175790 -0.063238 -0.028941 -0.555086 0.828881
16.366800 -9.139066 -18.764453 0.229178 -0.063659 -0.032057 -0.550656 0.831684
16.400100 -8.993551 -18.676408 0.273466 -0.064297 -0.035097 -0.546245 0.834416
16.433400 -8.849185 -18.587151 0.307587 -0.064636 -0.038281 -0.541796 0.837146
16.466800 -8.708530 -18.495180 0.331289 -0.064627 -0.041789 -0.537443 0.839781
16.500100 -8.562789 -18.405412 0.340784 -0.064891 -0.044511 -0.532876 0.842527
16.533400 -8.413019 -18.314764 0.334664 -0.064705 -0.047422 -0.528295 0.845262
16.566800 -8.272361 -18.216361 0.328019 -0.065048 -0.050371 -0.523803 0.847858
16.600100 -8.128674 -18.119770 0.306280 -0.064879 -0.053168 -0.519199 0.850527
16.633400 -7.986143 -18.021512 0.270181 -0.064532 -0.055944 -0.514587 0.853174
16.666800 -7.844133 -17.925780 0.219443 -0.063700 -0.058752 -0.510000 0.855798
16.700100 -7.704223 -17.824748 0.168450 -0.063642 -0.061253 -0.505402 0.858351
16.733400 -7.564341 -17.720697 0.107881 -0.063208 -0.063930 -0.500758 0.860906
16.766800 -7.423936 -17.614750 0.038561 -0.062696 -0.066485 -0.496052 0.863470
16.800100 -7.286387 -17.507498 -0.042402 -0.061313 -0.069102 -0.491426 0.866006
16.833400 -7.153238 -17.400653 -0.129459 -0.060574 -0.071461 -0.486792 0.868480
16.866800 -7.017538 -17.291020 -0.219330 -0.059656 -0.073773 -0.482106 0.870961
16.900100 -6.891655 -17.180065 -0.320644 -0.058002 -0.076206 -0.477552 0.873368
16.933400 -6.759083 -17.068526 -0.420566 -0.057042 -0.078217 -0.472837 0.875816
16.966800 -6.634419 -16.954907 -0.531528 -0.055780 -0.080066 -0.468208 0.878214
17.000100 -6.513169 -16.838726 -0.645629 -0.054002 -0.082033 -0.463590 0.880590
17.033400 -6.388321 -16.721634 -0.756494 -0.052793 -0.083506 -0.458882 0.882988
17.066700 -6.259122 -16.603099 -0.861149 -0.050984 -0.084726 -0.454201 0.885395
17.100100 -6.141063 -16.476985 -0.970895 -0.049614 -0.086720 -0.449409 0.887721
17.133400 -6.016765 -16.349972 -1.068124 -0.047898 -0.088234 -0.444663 0.890053
17.166700 -5.892474 -16.219557 -1.160983 -0.046231 -0.089560 -0.439796 0.892424
17.200100 -5.768187 -16.087057 -1.246640 -0.044261 -0.091052 -0.434957 0.894742
17.233400 -5.645912 -15.954760 -1.328621 -0.042727 -0.091880 -0.430094 0.897080
17.266700 -5.523549 -15.820333 -1.402728 -0.040818 -0.092878 -0.425229 0.899382
17.300100 -5.404008 -15.683769 -1.466818 -0.038865 -0.093826 -0.420375 0.901649
17.333400 -5.285956 -15.547243 -1.522038 -0.036243 -0.094794 -0.415539 0.903896
17.366700 -5.171178 -15.410436 -1.572441 -0.034360 -0.095432 -0.410764 0.906082
17.400100 -5.056273 -15.275096 -1.609889 -0.032380 -0.095893 -0.405953 0.908272
17.433400 -4.940033 -15.136538 -1.636480 -0.030507 -0.096144 -0.401093 0.910467
17.466700 -4.821381 -14.994330 -1.653242 -0.028391 -0.096456 -0.396187 0.912648
17.500100 -4.708270 -14.852739 -1.656869 -0.026201 -0.096648 -0.391357 0.914775
17.533400 -4.600440 -14.711200 -1.647956 -0.024010 -0.096739 -0.386500 0.916888
17.566700 -4.494711 -14.569982 -1.627860 -0.021741 -0.096741 -0.381792 0.918914
17.600100 -4.389944 -14.425549 -1.596551 -0.019604 -0.096598 -0.377025 0.920943
17.633400 -4.286478 -14.279135 -1.554909 -0.017360 -0.096487 -0.372253 0.922939
17.666700 -4.168461 -14.125255 -1.509451 -0.015031 -0.095891 -0.367228 0.925053
17.700100 -4.054149 -13.971160 -1.454011 -0.012683 -0.095382 -0.362235 0.927107
17.733400 -3.952840 -13.821062 -1.382969 -0.010693 -0.094736 -0.357283 0.929118
17.766700 -3.845425 -13.664129 -1.303408 -0.008208 -0.093981 -0.352332 0.931108
17.800100 -3.743221 -13.509301 -1.219308 -0.005850 -0.093164 -0.347468 0.933034
17.833400 -3.642267 -13.352372 -1.129270 -0.003426 -0.092070 -0.342474 0.934999
17.866700 -3.537142 -13.193610 -1.035223 -0.000939 -0.090893 -0.337563 0.936904
17.900100 -3.432335 -13.029547 -0.939678 0.001301 -0.089475 -0.332554 0.938829
17.933400 -3.333297 -12.867764 -0.837995 0.003954 -0.087876 -0.327590 0.940716
17.966700 -3.230682 -12.701277 -0.736247 0.006107 -0.086348 -0.322569 0.942580
18.000100 -3.131861 -12.532843 -0.632668 0.008577 -0.084796 -0.317589 0.944390
18.033400 -3.039588 -12.366443 -0.526622 0.011075 -0.082542 -0.312776 0.946169
18.066700 -2.944872 -12.199361 -0.422350 0.013201 -0.080944 -0.307792 0.947912
18.100100 -2.855753 -12.028790 -0.321832 0.016253 -0.078821 -0.302833 0.949640
18.133400 -2.766248 -11.858208 -0.227434 0.018234 -0.076686 -0.297920 0.951331
18.166700 -2.681158 -11.682649 -0.138353 0.020982 -0.074394 -0.292895 0.953015
18.200100 -2.593944 -11.504832 -0.056103 0.022898 -0.072159 -0.287887 0.954667
18.233400 -2.510664 -11.324031 0.018642 0.025348 -0.069773 -0.282762 0.956313
18.266700 -2.426338 -11.142383 0.084543 0.026920 -0.067091 -0.277826 0.957908
18.300100 -2.343632 -10.958218 0.143493 0.029119 -0.064462 -0.272633 0.959514
18.333400 -2.262428 -10.774644 0.195548 0.030992 -0.061469 -0.267655 0.961052
18.366700 -2.168678 -10.578454 0.239202 0.031923 -0.058487 -0.262689 0.962577
18.400100 -2.079989 -10.391649 0.281849 0.033536 -0.055676 -0.257686 0.964040
18.433400 -1.997258 -10.199235 0.317306 0.035500 -0.052865 -0.252644 0.965462
18.466700 -1.922026 -10.013659 0.332221 0.036859 -0.049712 -0.247747 0.966846
18.500100 -1.842134 -9.830381 0.341872 0.037918 -0.046591 -0.242978 0.968170
18.533400 -1.767318 -9.640238 0.345200 0.039789 -0.043562 -0.237973 0.969478
18.566700 -1.694127 -9.450521 0.330367 0.041284 -0.040359 -0.233040 0.970752
18.600100 -1.619327 -9.263232 0.301381 0.042069 -0.036849 -0.228211 0.972004
18.633400 -1.548859 -9.072067 0.266763 0.043654 -0.033651 -0.223214 0.973210
18.666700 -1.480191 -8.880377 0.216733 0.044955 -0.029914 -0.218263 0.974395
18.700100 -1.409881 -8.685635 0.163976 0.046103 -0.026854 -0.213193 0.975552
18.733400 -1.334492 -8.495132 0.099581 0.046558 -0.023071 -0.208322 0.976679
18.766700 -1.270180 -8.298632 0.030974 0.047996 -0.019939 -0.203238 0.977749
18.800100 -1.205975 -8.100121 -0.043358 0.048827 -0.016547 -0.198173 0.978810
18.833400 -1.138293 -7.899560 -0.121201 0.049666 -0.013267 -0.193022 0.979847
18.866700 -1.075280 -7.699464 -0.210756 0.050428 -0.009741 -0.187906 0.980843
18.900100 -1.006459 -7.502348 -0.305427 0.050989 -0.006055 -0.182934 0.981783
18.933400 -0.948089 -7.300989 -0.405535 0.051484 -0.002390 -0.177836 0.982710
18.966700 -0.888366 -7.100590 -0.507056 0.051943 0.000887 -0.172760 0.983593
19.000100 -0.832885 -6.902145 -0.611443 0.052416 0.004379 -0.167760 0.984424
19.033400 -0.779264 -6.702619 -0.716887 0.052630 0.007995 -0.162715 0.985236
19.066700 -0.726792 -6.502581 -0.821687 0.052724 0.011630 -0.157671 0.986015
19.100100 -0.672038 -6.299056 -0.925135 0.052790 0.015289 -0.152667 0.986748
19.133400 -0.623884 -6.094061 -1.023964 0.052822 0.018851 -0.147517 0.987468
19.166700 -0.577019 -5.888172 -1.117950 0.052675 0.022423 -0.142401 0.988152
19.200100 -0.532169 -5.685634 -1.205077 0.052517 0.025748 -0.137352 0.988794
19.233400 -0.489310 -5.483419 -1.285649 0.052129 0.029181 -0.132287 0.989410
19.266700 -0.447206 -5.281973 -1.358501 0.051799 0.032518 -0.127267 0.989981
19.300000 -0.407048 -5.081729 -1.423447 0.051165 0.035884 -0.122423 0.990509
19.333400 -0.370198 -4.882130 -1.478628 0.050737 0.039109 -0.117438 0.991012
19.366700 -0.334588 -4.681934 -1.524372 0.050028 0.042336 -0.112451 0.991494
19.400000 -0.302664 -4.483787 -1.560858 0.049113 0.045551 -0.107454 0.991951
19.433400 -0.270480 -4.281955 -1.586813 0.048503 0.048715 -0.102544 0.992350
19.466700 -0.240976 -4.082767 -1.603958 0.047425 0.051829 -0.097542 0.992749
19.500000 -0.213328 -3.882435 -1.609920 0.046388 0.054784 -0.092542 0.993118
19.533400 -0.186219 -3.681164 -1.603656 0.045420 0.057654 -0.087497 0.993457
19.566700 -0.160890 -3.481626 -1.586856 0.044152 0.060498 -0.082518 0.993771
19.600000 -0.136830 -3.282011 -1.559783 0.042746 0.063349 -0.077291 0.994075
19.633400 -0.113888 -3.077608 -1.523625 0.041485 0.066019 -0.072173 0.994340
19.666700 -0.089792 -2.867666 -1.476755 0.040096 0.068667 -0.066925 0.994584
19.700000 -0.068950 -2.664811 -1.417229 0.038399 0.071199 -0.061767 0.994807
19.733400 -0.051060 -2.459605 -1.347376 0.036969 0.073538 -0.056589 0.994999
19.766700 -0.034794 -2.252325 -1.270786 0.035321 0.075772 -0.051342 0.995176
19.800000 -0.019305 -2.044207 -1.185126 0.033699 0.077985 -0.045862 0.995329
19.833400 -0.005971 -1.834589 -1.097345 0.032077 0.080136 -0.040618 0.995439
19.866700 0.006109 -1.625642 -1.005116 0.030304 0.082153 -0.035322 0.995532
19.900000 0.015832 -1.417297 -0.907985 0.028575 0.084071 -0.029897 0.995601
19.933400 0.026327 -1.198260 -0.811226 0.026491 0.085929 -0.024492 0.995648
19.966700 0.031140 -0.988750 -0.709369 0.024315 0.087605 -0.019130 0.995675
