0.366667 -0.076527 2.090233 0.809009 0.044690 0.038260 0.050573 0.996986
0.400000 -0.093201 2.298339 0.846521 0.043685 0.041539 0.055668 0.996628
0.433333 -0.111666 2.506177 0.873613 0.042600 0.044718 0.060769 0.996239
0.466667 -0.131623 2.713750 0.889989 0.041434 0.047881 0.065875 0.995817
0.500000 -0.153209 2.921014 0.895469 0.040190 0.050979 0.070986 0.995363
0.533333 -0.176424 3.127951 0.889994 0.038871 0.054009 0.076103 0.994877
0.566667 -0.201265 3.334546 0.873622 0.037478 0.056965 0.081227 0.994360
0.600000 -0.227729 3.540764 0.846535 0.036014 0.059845 0.086357 0.993813
0.633333 -0.255823 3.746586 0.809028 0.034482 0.062645 0.091494 0.993235
0.666667 -0.285524 3.951999 0.761511 0.032883 0.065360 0.096637 0.992627
0.700000 -0.316839 4.156967 0.704507 0.031221 0.067987 0.101787 0.991989
0.733334 -0.349764 4.361479 0.638639 0.029499 0.070522 0.106943 0.991322
0.766667 -0.384295 4.565501 0.564630 0.027718 0.072963 0.112106 0.990626
0.800000 -0.420484 4.768962 0.483265 0.025883 0.075288 0.117277 0.989903
0.833334 -0.458221 4.971952 0.395481 0.023996 0.077530 0.122453 0.989150
0.866667 -0.497551 5.174385 0.302222 0.022061 0.079668 0.127636 0.988370
0.900000 -0.538473 5.376245 0.204507 0.020080 0.081699 0.132825 0.987562
0.933334 -0.580981 5.577516 0.103403 0.018057 0.083620 0.138020 0.986728
0.966667 -0.625069 5.778163 0.000024 0.015996 0.085430 0.143221 0.985867
1.000000 -0.670734 5.978171 -0.104501 0.013899 0.087125 0.148427 0.984980
1.033330 -0.717966 6.177500 -0.209016 0.011772 0.088703 0.153637 0.984067
1.066670 -0.766778 6.376205 -0.312417 0.009615 0.090164 0.158854 0.983129
1.100000 -0.817137 6.574145 -0.413509 0.007434 0.091504 0.164074 0.982167
1.133330 -0.869050 6.771359 -0.511217 0.005232 0.092721 0.169298 0.981180
1.166670 -0.922530 6.967884 -0.604497 0.003013 0.093816 0.174527 0.980168
1.200000 -0.977536 7.163579 -0.692272 0.000780 0.094786 0.179757 0.979134
1.233330 -1.034081 7.358484 -0.773609 -0.001462 0.095629 0.184990 0.978076
1.266670 -1.092174 7.552634 -0.847637 -0.003712 0.096346 0.190226 0.976994
1.300000 -1.151774 7.745892 -0.913502 -0.005963 0.096934 0.195462 0.975891
1.333330 -1.212894 7.938294 -0.970506 -0.008212 0.097395 0.200698 0.974765
1.366670 -1.275543 8.129878 -1.018036 -0.010458 0.097726 0.205936 0.973617
1.400000 -1.339679 8.320507 -1.055544 -0.012694 0.097928 0.211172 0.972448
1.433330 -1.405312 8.510219 -1.082635 -0.014917 0.098001 0.216407 0.971258
1.466670 -1.472456 8.699047 -1.099016 -0.017125 0.097944 0.221641 0.970046
1.500000 -1.541064 8.886860 -1.104496 -0.019312 0.097759 0.226871 0.968813
1.533330 -1.611147 9.073692 -1.099022 -0.021475 0.097445 0.232098 0.967561
1.566670 -1.682719 9.259579 -1.082649 -0.023612 0.097003 0.237322 0.966287
1.600000 -1.755731 9.444389 -1.055565 -0.025718 0.096433 0.242540 0.964994
1.633330 -1.830194 9.628158 -1.018064 -0.027789 0.095738 0.247752 0.963681
1.666670 -1.906102 9.810806 -0.970517 -0.029824 0.094918 0.252960 0.962347
1.700000 -1.983444 9.992431 -0.913517 -0.031816 0.093973 0.258158 0.960995
1.733330 -2.062213 10.172954 -0.847656 -0.033763 0.092906 0.263349 0.959623
1.766670 -2.142425 10.352409 -0.773631 -0.035662 0.091718 0.268533 0.958231
1.800000 -2.224023 10.530670 -0.692298 -0.037509 0.090412 0.273706 0.956820
1.833330 -2.307022 10.707771 -0.604526 -0.039302 0.088988 0.278869 0.955389
1.866670 -2.391437 10.883744 -0.511249 -0.041037 0.087449 0.284023 0.953939
1.900000 -2.477210 11.058466 -0.413544 -0.042711 0.085797 0.289163 0.952470
1.933330 -2.564356 11.231969 -0.312454 -0.044322 0.084036 0.294292 0.950982
1.966670 -2.652892 11.404287 -0.209055 -0.045866 0.082166 0.299409 0.949473
2.000000 -2.742757 11.575296 -0.104542 -0.047341 0.080192 0.304512 0.947946
2.033330 -2.833965 11.745031 -0.000029 -0.048743 0.078116 0.309600 0.946398
2.066670 -2.926534 11.913522 0.103370 -0.050071 0.075940 0.314675 0.944831
2.100000 -3.020399 12.080651 0.204460 -0.051322 0.073669 0.319733 0.943244
2.133330 -3.115578 12.246450 0.302165 -0.052494 0.071305 0.324776 0.941637
2.166670 -3.212091 12.410948 0.395443 -0.053584 0.068851 0.329803 0.940010
2.200000 -3.309865 12.574032 0.483214 -0.054590 0.066312 0.334813 0.938362
2.233330 -3.408922 12.735731 0.564547 -0.055510 0.063691 0.339805 0.936694
2.266670 -3.509279 12.896075 0.638572 -0.056343 0.060991 0.344781 0.935004
2.300000 -3.610867 13.054952 0.704433 -0.057087 0.058217 0.349737 0.933293
2.333330 -3.713703 13.212392 0.761433 -0.057739 0.055372 0.354675 0.931561
2.366670 -3.817808 13.368423 0.808959 -0.058300 0.052460 0.359595 0.929807
2.400000 -3.923110 13.522936 0.846464 -0.058766 0.049487 0.364495 0.928031
2.433330 -4.029625 13.675961 0.873550 -0.059138 0.046455 0.369376 0.926232
2.466670 -4.137375 13.827525 0.889926 -0.059414 0.043369 0.374239 0.924410
2.500000 -4.246284 13.977523 0.895401 -0.059593 0.040234 0.379080 0.922566
2.533330 -4.356372 14.125982 0.889924 -0.059674 0.037054 0.383902 0.920698
2.566670 -4.467641 14.272882 0.873581 -0.059658 0.033829 0.388705 0.918806
2.600000 -4.580051 14.418214 0.846493 -0.059543 0.030573 0.393487 0.916890
2.633330 -4.693603 14.561961 0.808988 -0.059329 0.027284 0.398249 0.914950
2.666670 -4.808320 14.704148 0.761460 -0.059016 0.023968 0.402992 0.912984
2.700000 -4.924120 14.844673 0.704459 -0.058605 0.020631 0.407714 0.910993
2.733330 -5.041024 14.983566 0.638597 -0.058094 0.017275 0.412417 0.908977
2.766670 -5.159057 15.120851 0.564571 -0.057485 0.013907 0.417101 0.906934
2.800000 -5.278133 15.256430 0.483237 -0.056779 0.010531 0.421764 0.904865
2.833330 -5.398275 15.390332 0.395464 -0.055975 0.007151 0.426408 0.902769
2.866670 -5.519506 15.522579 0.302186 -0.055075 0.003772 0.431034 0.900646
2.900000 -5.641740 15.653079 0.204480 -0.054079 0.000400 0.435640 0.898495
2.933330 -5.765000 15.781857 0.103389 -0.052990 -0.002962 0.440227 0.896317
2.966670 -5.889311 15.908937 -0.000011 -0.051807 -0.006310 0.444797 0.894109
3.000000 -6.014583 16.034228 -0.104525 -0.050533 -0.009636 0.449348 0.891874
3.033330 -6.140840 16.157756 -0.209039 -0.049169 -0.012938 0.453882 0.889610
3.066670 -6.268107 16.279542 -0.312439 -0.047716 -0.016212 0.458399 0.887316
3.100000 -6.396294 16.399502 -0.413529 -0.046178 -0.019452 0.462899 0.884994
3.133330 -6.525423 16.517657 -0.511235 -0.044555 -0.022654 0.467382 0.882642
3.166670 -6.655521 16.634031 -0.604513 -0.042850 -0.025815 0.471850 0.880259
3.200000 -6.786494 16.748540 -0.692285 -0.041066 -0.028928 0.476301 0.877846
3.233330 -6.918369 16.861206 -0.773619 -0.039204 -0.031991 0.480737 0.875404
3.266660 -7.051129 16.972018 -0.847624 -0.037268 -0.034999 0.485158 0.872930
3.300000 -7.184801 17.080997 -0.913507 -0.035259 -0.037949 0.489567 0.870426
3.333330 -7.319290 17.188063 -0.970508 -0.033182 -0.040835 0.493960 0.867891
3.366660 -7.454621 17.293239 -1.018023 -0.031038 -0.043654 0.498340 0.865325
3.400000 -7.590820 17.396545 -1.055541 -0.028831 -0.046404 0.502709 0.862728
3.433330 -7.727791 17.497906 -1.082628 -0.026564 -0.049080 0.507063 0.860100
3.466660 -7.865559 17.597343 -1.099002 -0.024241 -0.051678 0.511405 0.857442
3.500000 -8.004150 17.694874 -1.104482 -0.021864 -0.054195 0.515737 0.854751
3.533330 -8.143468 17.790429 -1.099004 -0.019437 -0.056628 0.520057 0.852031
3.566660 -8.283537 17.884028 -1.082634 -0.016965 -0.058974 0.524366 0.849279
3.600000 -8.424385 17.975688 -1.055539 -0.014449 -0.061230 0.528666 0.846496
3.633330 -8.565912 18.065343 -1.018034 -0.011896 -0.063393 0.532954 0.843682
3.666660 -8.708144 18.153012 -0.970521 -0.009307 -0.065460 0.537233 0.840838
3.700000 -8.851108 18.238710 -0.913504 -0.006686 -0.067429 0.541504 0.837963
3.733330 -8.994704 18.322378 -0.847641 -0.004039 -0.069297 0.545764 0.835059
3.766660 -9.138959 18.404030 -0.773638 -0.001368 -0.071062 0.550016 0.832124
3.800000 -9.283899 18.483682 -0.692280 0.001322 -0.072723 0.554260 0.829159
3.833330 -9.429423 18.561278 -0.604506 0.004027 -0.074275 0.558495 0.826166
3.866660 -9.575558 18.636833 -0.511256 0.006743 -0.075720 0.562722 0.823143
3.900000 -9.722331 18.710361 -0.413521 0.009467 -0.077054 0.566942 0.820091
3.933330 -9.869639 18.781809 -0.312429 0.012193 -0.078276 0.571153 0.817012
3.966660 -10.017510 18.851192 -0.209060 0.014917 -0.079384 0.575357 0.813904
4.000000 -10.165971 18.918523 -0.104515 0.017637 -0.080379 0.579554 0.810768
4.033330 -10.314918 18.983752 -0.000001 0.020346 -0.081258 0.583743 0.807606
4.066660 -10.464379 19.046895 0.103369 0.023041 -0.082021 0.587924 0.804417
4.100000 -10.614382 19.107962 0.204491 0.025720 -0.082667 0.592099 0.801201
4.133330 -10.764821 19.166909 0.302197 0.028375 -0.083196 0.596266 0.797960
4.166660 -10.915725 19.223749 0.395449 0.031004 -0.083607 0.600424 0.794694
4.200000 -11.067121 19.278491 0.483249 0.033603 -0.083901 0.604576 0.791403
4.233330 -11.218904 19.331098 0.564584 0.036168 -0.084077 0.608719 0.788089
4.266660 -11.371100 19.381579 0.638590 0.038694 -0.084136 0.612854 0.784751
4.300000 -11.523741 19.429943 0.704474 0.041178 -0.084077 0.616982 0.781389
4.333330 -11.676717 19.476157 0.761476 0.043616 -0.083902 0.621101 0.778005
4.366660 -11.830058 19.520229 0.808991 0.046003 -0.083612 0.625210 0.774600
4.400000 -11.983791 19.562169 0.846510 0.048338 -0.083206 0.629311 0.771173
4.433330 -12.137810 19.601944 0.873598 0.050614 -0.082686 0.633402 0.767726
4.466660 -12.292143 19.639564 0.889972 0.052829 -0.082053 0.637483 0.764259
4.500000 -12.446819 19.675036 0.895453 0.054980 -0.081309 0.641555 0.760771
4.533330 -12.601729 19.708333 0.889977 0.057062 -0.080455 0.645616 0.757266
4.566660 -12.756901 19.739464 0.873607 0.059073 -0.079492 0.649665 0.753742
4.600000 -12.912366 19.768433 0.846513 0.061010 -0.078423 0.653703 0.750200
4.633330 -13.068014 19.795220 0.809008 0.062868 -0.077249 0.657729 0.746641
4.666660 -13.223873 19.819831 0.761497 0.064645 -0.075973 0.661742 0.743066
4.700000 -13.379974 19.842270 0.704481 0.066339 -0.074596 0.665743 0.739474
4.733330 -13.536205 19.862520 0.638619 0.067945 -0.073121 0.669729 0.735867
4.766660 -13.692598 19.880586 0.564616 0.069462 -0.071551 0.673701 0.732245
4.800000 -13.849184 19.896509 0.483241 0.070887 -0.069887 0.677659 0.728608
4.833330 -14.005845 19.910203 0.395469 0.072217 -0.068134 0.681600 0.724957
4.866660 -14.162616 19.921709 0.302220 0.073451 -0.066293 0.685526 0.721293
4.900000 -14.319526 19.931027 0.204485 0.074585 -0.064368 0.689436 0.717615
4.933330 -14.476463 19.938151 0.103395 0.075619 -0.062361 0.693328 0.713925
4.966660 -14.633457 19.943084 0.000027 0.076549 -0.060277 0.697202 0.710223
5.000000 -14.790539 19.945825 -0.104518 0.077374 -0.058118 0.701059 0.706507
5.033330 -14.947596 19.946372 -0.209031 0.078093 -0.055887 0.704895 0.702781
5.066660 -15.104660 19.944726 -0.312400 0.078704 -0.053589 0.708711 0.699044
5.100000 -15.261759 19.940886 -0.413521 0.079206 -0.051226 0.712509 0.695294
5.133330 -15.418782 19.934856 -0.511227 0.079597 -0.048804 0.716284 0.691534
5.166660 -15.575759 19.926634 -0.604478 0.079876 -0.046324 0.720038 0.687764
5.200000 -15.732720 19.916217 -0.692278 0.080043 -0.043791 0.723770 0.683982
5.233330 -15.889553 19.903615 -0.773611 0.080097 -0.041210 0.727479 0.680191
5.266660 -16.046289 19.888824 -0.847616 0.080037 -0.038584 0.731165 0.676390
5.300000 -16.202957 19.871841 -0.913499 0.079863 -0.035916 0.734827 0.672578
5.333330 -16.359447 19.852680 -0.970500 0.079575 -0.033212 0.738465 0.668756
5.366660 -16.515787 19.831335 -1.018014 0.079172 -0.030475 0.742077 0.664924
5.400000 -16.672008 19.807804 -1.055531 0.078655 -0.027709 0.745665 0.661082
5.433330 -16.827998 19.782101 -1.082619 0.078024 -0.024919 0.749226 0.657230
5.466660 -16.983788 19.754224 -1.098992 0.077279 -0.022109 0.752761 0.653368
5.500000 -17.139407 19.724166 -1.104471 0.076421 -0.019282 0.756270 0.649495
5.533330 -17.294745 19.691950 -1.098994 0.075451 -0.016445 0.759751 0.645612
5.566660 -17.449832 19.657577 -1.082625 0.074370 -0.013600 0.763204 0.641719
5.600000 -17.604696 19.621023 -1.055530 0.073178 -0.010751 0.766631 0.637814
5.633330 -17.759228 19.582322 -1.018024 0.071878 -0.007904 0.770028 0.633899
5.666660 -17.913457 19.541469 -0.970511 0.070469 -0.005063 0.773397 0.629973
5.700000 -18.067413 19.498455 -0.913494 0.068955 -0.002231 0.776738 0.626034
5.733330 -18.220986 19.453309 -0.847631 0.067336 0.000587 0.780049 0.622085
5.766660 -18.374207 19.406025 -0.773628 0.065615 0.003387 0.783331 0.618123
5.800000 -18.527103 19.356593 -0.692270 0.063793 0.006165 0.786584 0.614148
5.833330 -18.679566 19.305047 -0.604497 0.061874 0.008917 0.789807 0.610161
5.866660 -18.831626 19.251379 -0.511247 0.059859 0.011638 0.793001 0.606161
5.900000 -18.983320 19.195594 -0.413525 0.057749 0.014325 0.796165 0.602147
5.933330 -19.134524 19.137698 -0.312434 0.055549 0.016974 0.799300 0.598119
5.966660 -19.285274 19.077698 -0.209065 0.053262 0.019581 0.802404 0.594077
6.000000 -19.435599 19.015582 -0.104519 0.050889 0.022142 0.805480 0.590019
6.033330 -19.585392 18.951394 -0.000005 0.048435 0.024654 0.808525 0.585947
6.066660 -19.734683 18.885123 0.103365 0.045902 0.027112 0.811540 0.581860
6.100000 -19.883500 18.816755 0.204487 0.043292 0.029514 0.814527 0.577755
6.133330 -20.031736 18.746338 0.302194 0.040612 0.031856 0.817483 0.573635
6.166660 -20.179420 18.673859 0.395445 0.037863 0.034134 0.820411 0.569498
6.200000 -20.326581 18.599306 0.483245 0.035048 0.036346 0.823310 0.565342
6.233330 -20.473114 18.522728 0.564580 0.032173 0.038489 0.826179 0.561170
6.266660 -20.619046 18.444115 0.638585 0.029241 0.040558 0.829020 0.556979
6.300000 -20.764406 18.363449 0.704469 0.026255 0.042553 0.831833 0.552769
6.333330 -20.909090 18.280788 0.761470 0.023220 0.044470 0.834618 0.548541
6.366660 -21.053126 18.196117 0.808985 0.020140 0.046306 0.837374 0.544293
6.400000 -21.196541 18.109418 0.846504 0.017019 0.048059 0.840104 0.540024
6.433330 -21.339234 18.020755 0.873592 0.013862 0.049726 0.842806 0.535736
6.466660 -21.481232 17.930109 0.889966 0.010672 0.051306 0.845481 0.531428
6.500000 -21.622561 17.837464 0.895446 0.007454 0.052797 0.848130 0.527098
6.533330 -21.763122 17.742885 0.889970 0.004214 0.054196 0.850753 0.522748
6.566660 -21.902941 17.646355 0.873600 0.000954 0.055501 0.853349 0.518376
6.600000 -22.042046 17.547855 0.846506 -0.002320 0.056713 0.855921 0.513982
6.633330 -22.180336 17.447455 0.809001 -0.005604 0.057828 0.858467 0.509567
6.666660 -22.317839 17.345135 0.761489 -0.008892 0.058845 0.860989 0.505130
6.700000 -22.454580 17.240877 0.704473 -0.012183 0.059765 0.863487 0.500670
6.733330 -22.590463 17.134753 0.638611 -0.015468 0.060585 0.865960 0.496188
6.766660 -22.725513 17.026744 0.564609 -0.018744 0.061305 0.868410 0.491685
6.799990 -22.859717 16.916864 0.483277 -0.022007 0.061924 0.870837 0.487159
6.833330 -22.993099 16.805089 0.395479 -0.025253 0.062442 0.873242 0.482610
6.866660 -23.125564 16.691499 0.302230 -0.028476 0.062858 0.875624 0.478039
6.899990 -23.257138 16.576073 0.204525 -0.031671 0.063173 0.877983 0.473446
6.933330 -23.387846 16.458789 0.103404 -0.034836 0.063386 0.880322 0.468830
6.966660 -23.517595 16.339730 0.000036 -0.037963 0.063497 0.882639 0.464193
6.999990 -23.646410 16.218873 -0.104478 -0.041050 0.063507 0.884935 0.459534
7.033330 -23.774315 16.096195 -0.209023 -0.044092 0.063417 0.887211 0.454853
7.066660 -23.901220 15.971783 -0.312391 -0.047085 0.063227 0.889466 0.450151
7.099990 -24.027148 15.845615 -0.413482 -0.050023 0.062937 0.891701 0.445428
7.133330 -24.152125 15.717665 -0.511218 -0.052904 0.062549 0.893917 0.440683
7.166660 -24.276060 15.588023 -0.604468 -0.055723 0.062063 0.896113 0.435919
7.199990 -24.398993 15.456679 -0.692246 -0.058475 0.061482 0.898289 0.431135
7.233330 -24.520917 15.323583 -0.773606 -0.061158 0.060806 0.900447 0.426329
7.266660 -24.641761 15.188841 -0.847611 -0.063766 0.060037 0.902586 0.421506
7.299990 -24.761548 15.052428 -0.913476 -0.066296 0.059176 0.904706 0.416665
7.333330 -24.880300 14.914318 -0.970495 -0.068745 0.058225 0.906808 0.411804
7.366660 -24.997933 14.774607 -1.018010 -0.071109 0.057187 0.908892 0.406926
7.399990 -25.114470 14.633272 -1.055518 -0.073384 0.056063 0.910957 0.402032
7.433330 -25.229932 14.490282 -1.082615 -0.075567 0.054855 0.913004 0.397120
7.466660 -25.344238 14.345741 -1.098989 -0.077655 0.053566 0.915033 0.392193
7.499990 -25.457410 14.199622 -1.104469 -0.079645 0.052199 0.917043 0.387251
7.533330 -25.569469 14.051896 -1.098992 -0.081534 0.050754 0.919036 0.382293
7.566660 -25.680335 13.902667 -1.082621 -0.083319 0.049236 0.921011 0.377323
7.599990 -25.790030 13.751908 -1.055536 -0.084997 0.047646 0.922967 0.372340
7.633330 -25.898575 13.599591 -1.018021 -0.086566 0.045989 0.924906 0.367343
7.666660 -26.005892 13.445822 -0.970509 -0.088023 0.044266 0.926826 0.362335
7.699990 -26.112002 13.290573 -0.913510 -0.089366 0.042481 0.928727 0.357316
7.733330 -26.216925 13.133814 -0.847629 -0.090594 0.040636 0.930611 0.352286
7.766660 -26.320587 12.975656 -0.773626 -0.091704 0.038735 0.932475 0.347247
7.799990 -26.423007 12.816069 -0.692293 -0.092695 0.036782 0.934320 0.342200
7.833330 -26.524206 12.655024 -0.604494 -0.093564 0.034778 0.936147 0.337143
7.866660 -26.624111 12.492634 -0.511244 -0.094311 0.032729 0.937954 0.332080
7.899990 -26.722740 12.328868 -0.413539 -0.094934 0.030638 0.939741 0.327010
7.933330 -26.820113 12.163694 -0.312418 -0.095432 0.028507 0.941509 0.321933
7.966660 -26.916162 11.997232 -0.209049 -0.095805 0.026341 0.943256 0.316853
7.999990 -27.010903 11.829448 -0.104536 -0.096050 0.024143 0.944983 0.311767
8.033330 -27.104355 11.660309 0.000010 -0.096169 0.021916 0.946689 0.306676
8.066660 -27.196453 11.489938 0.103379 -0.096161 0.019665 0.948374 0.301584
8.099990 -27.287212 11.318301 0.204471 -0.096024 0.017393 0.950037 0.296489
8.133330 -27.376652 11.145365 0.302208 -0.095760 0.015104 0.951679 0.291390
8.166660 -27.464707 10.971254 0.395459 -0.095368 0.012802 0.953299 0.286292
8.200000 -27.551422 10.795881 0.483259 -0.094849 0.010490 0.954895 0.281191
8.233330 -27.636734 10.619371 0.564594 -0.094203 0.008173 0.956469 0.276091
8.266660 -27.720663 10.441693 0.638599 -0.093431 0.005854 0.958019 0.270992
8.300000 -27.803220 10.262809 0.704483 -0.092533 0.003536 0.959545 0.265892
8.333330 -27.884349 10.082847 0.761484 -0.091511 0.001225 0.961047 0.260794
8.366660 -27.964064 9.901775 0.808999 -0.090366 -0.001077 0.962523 0.255698
8.400000 -28.042381 9.719556 0.846517 -0.089099 -0.003366 0.963975 0.250603
8.433330 -28.119245 9.536320 0.873605 -0.087712 -0.005638 0.965401 0.245511
8.466670 -28.194692 9.351977 0.889982 -0.086206 -0.007889 0.966801 0.240420
8.500000 -28.268670 9.166658 0.895459 -0.084583 -0.010115 0.968174 0.235334
8.533330 -28.341194 8.980329 0.889982 -0.082846 -0.012313 0.969520 0.230251
8.566670 -28.412275 8.792953 0.873605 -0.080996 -0.014480 0.970839 0.225169
8.600000 -28.481864 8.604663 0.846517 -0.079036 -0.016611 0.972130 0.220093
8.633340 -28.549996 8.415367 0.808999 -0.076968 -0.018704 0.973393 0.215019
8.666670 -28.616621 8.225199 0.761484 -0.074795 -0.020755 0.974626 0.209949
8.700000 -28.681753 8.034124 0.704483 -0.072520 -0.022760 0.975831 0.204884
8.733340 -28.745404 7.842104 0.638600 -0.070145 -0.024716 0.977006 0.199821
8.766670 -28.807528 7.649276 0.564595 -0.067674 -0.026621 0.978151 0.194763
8.800000 -28.868139 7.455604 0.483260 -0.065110 -0.028470 0.979265 0.189708
8.833340 -28.927246 7.261051 0.395461 -0.062456 -0.030262 0.980350 0.184656
8.866670 -28.984809 7.065753 0.302210 -0.059717 -0.031993 0.981403 0.179609
8.900010 -29.040854 6.869617 0.204474 -0.056894 -0.033660 0.982424 0.174563
8.933340 -29.095344 6.672780 0.103383 -0.053994 -0.035260 0.983414 0.169522
8.966670 -29.148288 6.475206 0.000014 -0.051018 -0.036791 0.984372 0.164483
9.000010 -29.199697 6.276857 -0.104531 -0.047970 -0.038252 0.985298 0.159446
9.033340 -29.249532 6.077873 -0.209045 -0.044856 -0.039638 0.986192 0.154412
9.066670 -29.297806 5.878217 -0.312414 -0.041679 -0.040948 0.987052 0.149380
9.100010 -29.344525 5.677851 -0.413534 -0.038443 -0.042180 0.987880 0.144348
9.133340 -29.389658 5.476917 -0.511240 -0.035153 -0.043331 0.988674 0.139319
9.166680 -29.433226 5.275316 -0.604516 -0.031813 -0.044401 0.989436 0.134289
9.200010 -29.475198 5.073191 -0.692287 -0.028428 -0.045387 0.990163 0.129260
9.233340 -29.515583 4.870504 -0.773619 -0.025003 -0.046288 0.990858 0.124232
9.266680 -29.554388 4.667217 -0.847642 -0.021540 -0.047102 0.991518 0.119202
9.300010 -29.591586 4.463473 -0.913502 -0.018047 -0.047829 0.992145 0.114172
9.333340 -29.627184 4.259234 -0.970500 -0.014527 -0.048466 0.992738 0.109141
9.366680 -29.661188 4.054461 -1.018024 -0.010984 -0.049013 0.993297 0.104106
9.400010 -29.693574 3.849299 -1.055526 -0.007425 -0.049470 0.993822 0.099071
9.433350 -29.724358 3.643648 -1.082617 -0.003852 -0.049835 0.994314 0.094031
9.466680 -29.753518 3.437653 -1.098983 -0.000273 -0.050108 0.994771 0.088989
9.500010 -29.781061 3.231275 -1.104457 0.003309 -0.050289 0.995195 0.083943
9.533350 -29.806990 3.024476 -1.098973 0.006890 -0.050377 0.995586 0.078891
9.566680 -29.831289 2.817401 -1.082596 0.010463 -0.050373 0.995942 0.073837
9.600010 -29.853961 2.610012 -1.055504 0.014024 -0.050276 0.996266 0.068777
9.633350 -29.875011 2.402268 -1.017983 0.017569 -0.050087 0.996556 0.063710
9.666680 -29.894423 2.194318 -0.970465 0.021091 -0.049806 0.996813 0.058638
9.700020 -29.912214 1.986022 -0.913442 0.024589 -0.049435 0.997037 0.053558
9.733350 -29.928358 1.777600 -0.847574 0.028055 -0.048973 0.997229 0.048473
9.766680 -29.942865 1.568977 -0.773567 0.031484 -0.048422 0.997388 0.043381
9.800020 -29.955737 1.360114 -0.692205 0.034874 -0.047782 0.997515 0.038279
9.833350 -29.966966 1.151159 -0.604428 0.038218 -0.047055 0.997610 0.033171
9.866680 -29.976553 0.942072 -0.511175 0.041513 -0.046242 0.997673 0.028055
9.900020 -29.984501 0.732813 -0.413438 0.044754 -0.045344 0.997705 0.022929
9.933350 -29.990803 0.523531 -0.312345 0.047936 -0.044364 0.997706 0.017796
9.966690 -29.995463 0.314122 -0.208943 0.051057 -0.043302 0.997676 0.012652
10.000000 -29.998476 0.104863 -0.104491 0.054107 -0.042162 0.997616 0.007504
10.033400 -29.999847 -0.104980 0.000242 0.057095 -0.040942 0.997526 0.002333
10.066700 -29.999571 -0.314188 0.103516 0.059999 -0.039650 0.997407 -0.002832
10.100000 -29.997650 -0.523368 0.204517 0.062823 -0.038286 0.997258 -0.008006
10.133400 -29.994078 -0.733124 0.302427 0.065573 -0.036847 0.997080 -0.013205
10.166700 -29.988874 -0.942178 0.395589 0.068229 -0.035344 0.996874 -0.018398
10.200000 -29.982026 -1.151134 0.483283 0.070794 -0.033776 0.996640 -0.023600
10.233400 -29.973513 -1.360596 0.564785 0.073274 -0.032141 0.996377 -0.028827
10.266700 -29.963384 -1.569289 0.638714 0.075649 -0.030450 0.996088 -0.034047
10.300000 -29.951615 -1.777815 0.704518 0.077925 -0.028703 0.995772 -0.039276
10.333400 -29.938170 -1.986777 0.761634 0.080103 -0.026896 0.995428 -0.044529
10.366700 -29.923127 -2.194902 0.809094 0.082170 -0.025044 0.995059 -0.049775
10.400000 -29.906448 -2.402793 0.846566 0.084129 -0.023144 0.994665 -0.055029
10.433400 -29.888083 -2.611049 0.873705 0.085981 -0.021194 0.994244 -0.060306
10.466700 -29.868141 -2.818401 0.890051 0.087714 -0.019209 0.993799 -0.065575
10.500000 -29.846571 -3.025451 0.895523 0.089331 -0.017185 0.993330 -0.070851
10.533400 -29.823307 -3.232796 0.890028 0.090834 -0.015122 0.992835 -0.076149
10.566700 -29.798486 -3.439171 0.873659 0.092213 -0.013034 0.992318 -0.081438
10.600000 -29.772045 -3.645175 0.846596 0.093471 -0.010917 0.991777 -0.086731
10.633400 -29.743902 -3.851403 0.809006 0.094608 -0.008771 0.991211 -0.092046
10.666700 -29.714225 -4.056597 0.761526 0.095617 -0.006611 0.990624 -0.097349
10.700000 -29.682939 -4.261353 0.704577 0.096501 -0.004434 0.990015 -0.102656
10.733400 -29.649944 -4.466261 0.638572 0.097258 -0.002238 0.989381 -0.107982
10.766700 -29.615442 -4.670071 0.564628 0.097885 -0.000039 0.988728 -0.113295
10.800000 -29.579340 -4.873376 0.483369 0.098386 0.002166 0.988052 -0.118608
10.833400 -29.541526 -5.076761 0.395411 0.098755 0.004379 0.987354 -0.123940
10.866700 -29.502231 -5.278987 0.302242 0.098994 0.006584 0.986636 -0.129256
10.900000 -29.461349 -5.480641 0.204627 0.099105 0.008784 0.985896 -0.134572
10.933400 -29.418755 -5.682303 0.103326 0.099083 0.010980 0.985134 -0.139903
10.966700 -29.374708 -5.882744 0.000052 0.098933 0.013158 0.984353 -0.145216
11.000000 -29.329085 -6.082547 -0.104363 0.098654 0.015320 0.983552 -0.150527
11.033400 -29.281752 -6.282286 -0.209092 0.098243 0.017467 0.982728 -0.155850
11.066700 -29.232996 -6.480746 -0.312360 0.097705 0.019584 0.981886 -0.161154
11.100000 -29.182677 -6.678500 -0.413354 0.097039 0.021674 0.981024 -0.166452
11.133400 -29.130652 -6.876121 -0.511256 0.096243 0.023738 0.980139 -0.171761
11.166700 -29.077235 -7.072402 -0.604409 0.095324 0.025762 0.979236 -0.177048
11.200000 -29.022276 -7.267915 -0.692094 0.094282 0.027749 0.978313 -0.182329
11.233400 -28.965614 -7.463223 -0.773585 0.093113 0.029699 0.977368 -0.187617
11.266700 -28.907590 -7.657132 -0.847504 0.091827 0.031599 0.976405 -0.192881
11.300000 -28.848041 -7.850210 -0.913297 0.090422 0.033452 0.975421 -0.198136
11.333400 -28.786793 -8.043010 -0.970401 0.088895 0.035259 0.974415 -0.203397
11.366700 -28.724217 -8.234357 -1.017849 0.087258 0.037005 0.973391 -0.208632
11.400000 -28.660136 -8.424808 -1.055309 0.085509 0.038695 0.972346 -0.213855
11.433400 -28.594365 -8.614911 -1.082435 0.083645 0.040330 0.971277 -0.219083
11.466700 -28.527298 -8.803506 -1.098768 0.081678 0.041896 0.970191 -0.224282
11.500000 -28.458750 -8.991143 -1.104227 0.079606 0.043396 0.969084 -0.229468
11.533400 -28.388516 -9.178360 -1.098720 0.077427 0.044832 0.967952 -0.234656
11.566700 -28.317026 -9.364017 -1.082339 0.075156 0.046192 0.966802 -0.239815
11.600000 -28.244080 -9.548654 -1.055264 0.072789 0.047479 0.965631 -0.244959
11.633400 -28.169458 -9.732802 -1.017662 0.070323 0.048693 0.964433 -0.250104
11.666700 -28.093615 -9.915337 -0.970171 0.067776 0.049824 0.963217 -0.255218
11.700000 -28.016336 -10.096791 -0.913211 0.065142 0.050875 0.961979 -0.260315
11.733400 -27.937396 -10.277687 -0.847195 0.062421 0.051847 0.960714 -0.265413
11.766700 -27.857280 -10.456921 -0.773242 0.059631 0.052731 0.959430 -0.270478
11.800000 -27.775749 -10.635015 -0.691972 0.056765 0.053528 0.958122 -0.275527
11.833400 -27.692568 -10.812479 -0.604005 0.053822 0.054239 0.956787 -0.280572
11.866700 -27.608244 -10.988232 -0.510828 0.050823 0.054859 0.955431 -0.285586
11.900000 -27.522586 -11.162688 -0.413204 0.047759 0.055389 0.954051 -0.290582
11.933400 -27.435255 -11.336545 -0.311897 0.044634 0.055828 0.952641 -0.295576
11.966700 -27.346822 -11.508644 -0.208618 0.041464 0.056172 0.951211 -0.300538
12.000000 -27.257036 -11.679488 -0.104197 0.038243 0.056421 0.949755 -0.305483
12.033400 -27.165635 -11.849568 0.000534 0.034972 0.056576 0.948268 -0.310424
12.066700 -27.073175 -12.017845 0.103806 0.031672 0.056636 0.946760 -0.315333
12.100000 -26.979414 -12.184826 0.204795 0.028335 0.056599 0.945225 -0.320224
12.133400 -26.884035 -12.350961 0.302698 0.024961 0.056466 0.943658 -0.325112
12.166700 -26.787637 -12.515251 0.395851 0.021570 0.056235 0.942068 -0.329969
12.200000 -26.689947 -12.678174 0.483536 0.018157 0.055907 0.940451 -0.334808
12.233400 -26.590694 -12.840207 0.565025 0.014720 0.055483 0.938800 -0.339645
12.266700 -26.490456 -13.000347 0.638943 0.011283 0.054963 0.937126 -0.344450
12.300100 -26.388655 -13.159546 0.704918 0.007831 0.054347 0.935418 -0.349253
12.333400 -26.285909 -13.316829 0.761835 0.004386 0.053636 0.933686 -0.354025
12.366700 -26.181925 -13.472660 0.809281 0.000943 0.052829 0.931924 -0.358783
12.400100 -26.076403 -13.627486 0.846834 -0.002501 0.051928 0.930128 -0.363538
12.433400 -25.969983 -13.780359 0.873859 -0.005921 0.050937 0.928306 -0.368264
12.466700 -25.862359 -13.931728 0.890189 -0.009326 0.049853 0.926454 -0.372975
12.500100 -25.753217 -14.082026 0.895645 -0.012718 0.048676 0.924566 -0.377687
12.533400 -25.643228 -14.230339 0.890133 -0.016073 0.047415 0.922652 -0.382370
12.566700 -25.532071 -14.377097 0.873749 -0.019397 0.046066 0.920708 -0.387039
12.600100 -25.419423 -14.522722 0.846572 -0.022695 0.044629 0.918726 -0.391709
12.633400 -25.305975 -14.666328 0.809064 -0.025942 0.043112 0.916719 -0.396351
12.666700 -25.191393 -14.808331 0.761568 -0.029146 0.041515 0.914680 -0.400982
12.700100 -25.075348 -14.949139 0.704420 -0.032310 0.039834 0.912604 -0.405615
12.733400 -24.958546 -15.087892 0.638587 -0.035411 0.038082 0.910501 -0.410223
12.766700 -24.840652 -15.224999 0.564630 -0.038455 0.036256 0.908367 -0.414820
12.800100 -24.721324 -15.360849 0.483105 -0.041446 0.034353 0.906194 -0.419421
12.833400 -24.601287 -15.494615 0.395391 -0.044364 0.032387 0.903996 -0.423998
12.866700 -24.480199 -15.626691 0.302213 -0.047212 0.030356 0.901766 -0.428565
12.900100 -24.357706 -15.757451 0.204291 -0.049996 0.028257 0.899497 -0.433137
12.933400 -24.234554 -15.886099 0.103283 -0.052694 0.026104 0.897203 -0.437687
12.966700 -24.110391 -16.013013 0.000005 -0.055313 0.023895 0.894877 -0.442228
13.000100 -23.984854 -16.138553 -0.104726 -0.057856 0.021625 0.892512 -0.446775
13.033400 -23.858708 -16.261955 -0.209141 -0.060305 0.019313 0.890122 -0.451301
13.066700 -23.731593 -16.383583 -0.312413 -0.062663 0.016956 0.887702 -0.455820
13.100100 -23.603131 -16.503777 -0.413711 -0.064937 0.014547 0.885241 -0.460347
13.133400 -23.474116 -16.621811 -0.511321 -0.067108 0.012108 0.882758 -0.464852
13.166700 -23.344173 -16.738032 -0.604483 -0.069179 0.009633 0.880244 -0.469352
13.200100 -23.212922 -16.852767 -0.692432 -0.071156 0.007120 0.877692 -0.473859
13.233400 -23.081165 -16.965318 -0.773682 -0.073024 0.004586 0.875118 -0.478347
13.266700 -22.948524 -17.076018 -0.847614 -0.074785 0.002029 0.872513 -0.482829
13.300100 -22.814610 -17.185179 -0.913606 -0.076444 -0.000556 0.869871 -0.487319
13.333400 -22.680242 -17.292136 -0.970540 -0.077988 -0.003149 0.867208 -0.491791
13.366700 -22.545041 -17.397214 -1.018006 -0.079420 -0.005753 0.864516 -0.496258
13.400100 -22.408596 -17.500692 -1.055580 0.080744 0.008373 -0.861787 0.500733
13.433400 -22.271748 -17.601948 -1.082627 0.081948 0.010989 -0.859039 0.505189
13.466700 -22.134104 -17.701284 -1.098978 0.083037 0.013605 -0.856263 0.509641
13.500100 -21.995262 -17.798978 -1.104456 0.084012 0.016225 -0.853451 0.514101
13.533400 -21.856070 -17.894435 -1.098967 0.084866 0.018828 -0.850622 0.518542
13.566700 -21.716141 -17.988019 -1.082594 0.085599 0.021420 -0.847767 0.522978
13.600100 -21.575039 -18.079834 -1.055439 0.086217 0.024001 -0.844877 0.527422
13.633400 -21.433639 -18.169399 -1.017951 0.086712 0.026555 -0.841971 0.531847
13.666700 -21.291536 -18.256980 -0.970475 0.087087 0.029084 -0.839040 0.536267
13.700100 -21.148310 -18.342820 -0.913343 0.087345 0.031593 -0.836075 0.540695
13.733400 -21.004847 -18.426406 -0.847525 0.087479 0.034061 -0.833097 0.545102
13.766700 -20.860723 -18.507977 -0.773583 0.087494 0.036492 -0.830096 0.549503
13.800100 -20.715392 -18.587991 -0.692068 0.087386 0.038893 -0.827063 0.553912
13.833400 -20.569994 -18.665514 -0.604365 0.087162 0.041240 -0.824018 0.558298
13.866700 -20.423987 -18.741000 -0.511195 0.086820 0.043540 -0.820951 0.562678
13.900100 -20.276947 -18.814662 -0.413279 0.086358 0.045794 -0.817854 0.567062
13.933400 -20.129766 -18.886043 -0.312275 0.085782 0.047986 -0.814747 0.571425
13.966700 -19.982025 -18.955365 -0.208998 0.085090 0.050120 -0.811620 0.575779
14.000100 -19.833291 -19.022815 -0.104264 0.084282 0.052197 -0.808464 0.580136
14.033400 -19.684474 -19.087985 0.000154 0.083364 0.054203 -0.805300 0.584470
14.066700 -19.535146 -19.151075 0.103429 0.082335 0.056139 -0.802117 0.588793
14.100100 -19.384776 -19.212311 0.204728 0.081191 0.058010 -0.798907 0.593119
14.133400 -19.234465 -19.271207 0.302339 0.079947 0.059799 -0.795690 0.597419
14.166700 -19.083690 -19.327998 0.395501 0.078597 0.061510 -0.792456 0.601708
14.200100 -18.932014 -19.382842 0.483451 0.077141 0.063145 -0.789197 0.605996
14.233400 -18.780360 -19.435404 0.564699 0.075588 0.064690 -0.785931 0.610257
14.266700 -18.628292 -19.485842 0.638630 0.073939 0.066150 -0.782650 0.614505
14.300100 -18.475370 -19.534296 0.704619 0.072189 0.067523 -0.779345 0.618750
14.333400 -18.322523 -19.580470 0.761552 0.070352 0.068801 -0.776034 0.622967
14.366700 -18.169313 -19.624507 0.809014 0.068426 0.069987 -0.772709 0.627168
14.400100 -18.015295 -19.666524 0.846585 0.066408 0.071078 -0.769361 0.631364
14.433400 -17.861407 -19.706265 0.873628 0.064313 0.072068 -0.766010 0.635531
14.466700 -17.707206 -19.743855 0.889976 0.062139 0.072958 -0.762644 0.639679
14.500100 -17.552246 -19.779397 0.895449 0.059881 0.073749 -0.759256 0.643821
14.533400 -17.397468 -19.812667 0.889957 0.057557 0.074434 -0.755865 0.647932
14.566700 -17.242428 -19.843774 0.873590 0.055164 0.075014 -0.752461 0.652022
14.600100 -17.086676 -19.872799 0.846431 0.052698 0.075489 -0.749034 0.656103
14.633400 -16.931162 -19.899565 0.808940 0.050178 0.075855 -0.745606 0.660152
14.666700 -16.775437 -19.924160 0.761461 0.047599 0.076112 -0.742165 0.664178
14.700100 -16.619048 -19.946642 0.704329 0.044959 0.076262 -0.738702 0.668194
14.733400 -16.462949 -19.966876 0.638510 0.042277 0.076301 -0.735236 0.672175
14.766800 -16.306221 -19.984982 0.564333 0.039541 0.076229 -0.731748 0.676144
14.800100 -16.149819 -20.000848 0.483053 0.036772 0.076047 -0.728258 0.680077
14.833400 -15.993291 -20.014528 0.395349 0.033963 0.075751 -0.724756 0.683987
14.866800 -15.836183 -20.026058 0.301893 0.031114 0.075345 -0.721230 0.687882
14.900100 -15.679455 -20.035363 0.204266 0.028244 0.074829 -0.717703 0.691741
14.933400 -15.522651 -20.042481 0.103263 0.025348 0.074200 -0.714163 0.695574
14.966800 -15.365319 -20.047419 -0.000324 0.022424 0.073460 -0.710600 0.699392
15.000100 -15.208418 -20.050155 -0.104741 0.019492 0.072613 -0.707034 0.703172
15.033400 -15.051494 -20.050697 -0.209156 0.016548 0.071655 -0.703454 0.706926
15.066800 -14.894155 -20.048999 -0.312728 0.013589 0.070586 -0.699851 0.710662
15.100100 -14.737239 -20.045161 -0.413715 0.010634 0.069413 -0.696245 0.714361
15.133400 -14.580352 -20.039134 -0.511320 0.007679 0.068132 -0.692624 0.718033
15.166800 -14.423040 -20.030891 -0.604748 0.004723 0.066745 -0.688978 0.721687
15.200100 -14.266262 -20.020485 -0.692417 0.001785 0.065258 -0.685328 0.725303
15.233400 -14.109617 -20.007861 -0.773657 -0.001138 0.063670 -0.681663 0.728890
15.266800 -13.952550 -19.993037 -0.847788 -0.004051 0.061978 -0.677972 0.732459
15.300100 -13.796067 -19.976071 -0.913558 -0.006935 0.060192 -0.674276 0.735990
15.333400 -13.639717 -19.956923 -0.970481 -0.009792 0.058310 -0.670562 0.739493
15.366800 -13.483046 -19.935531 -1.018061 -0.012625 0.056331 -0.666822 0.742978
15.400100 -13.327011 -19.912021 -1.055494 -0.015416 0.054267 -0.663076 0.746424
15.433400 -13.171161 -19.886336 -1.082527 -0.018168 0.052113 -0.659311 0.749842
15.466800 -13.015042 -19.858398 -1.098897 -0.020885 0.049869 -0.655518 0.753241
15.500100 -12.859608 -19.828370 -1.104327 -0.023546 0.047549 -0.651718 0.756603
15.533400 -12.704448 -19.796163 -1.098822 -0.026158 0.045148 -0.647899 0.759937
15.566800 -12.549037 -19.761705 -1.082379 -0.028723 0.042665 -0.644050 0.763253
15.600100 -12.394359 -19.725188 -1.055275 -0.031221 0.040117 -0.640192 0.766531
15.633400 -12.239969 -19.686517 -1.017774 -0.033661 0.037498 -0.636314 0.769783
15.666800 -12.085416 -19.645573 -0.970128 -0.036041 0.034806 -0.632404 0.773017
15.700100 -11.931646 -19.602604 -0.913143 -0.038347 0.032059 -0.628485 0.776214
15.733400 -11.778212 -19.557492 -0.847315 -0.040582 0.029253 -0.624544 0.779386
15.766800 -11.624671 -19.510104 -0.773130 -0.042749 0.026384 -0.620570 0.782540
15.800100 -11.471959 -19.460726 -0.691843 -0.044833 0.023472 -0.616586 0.785659
15.833400 -11.319634 -19.409223 -0.604132 -0.046838 0.020513 -0.612580 0.788753
15.866800 -11.167255 -19.355437 -0.510669 -0.048766 0.017502 -0.608539 0.791831
15.900100 -11.015753 -19.299696 -0.413036 -0.050602 0.014462 -0.604488 0.794874
15.933400 -10.864688 -19.241845 -0.312028 -0.052352 0.011387 -0.600413 0.797893
15.966800 -10.713623 -19.181713 -0.208437 -0.054017 0.008272 -0.596303 0.800897
16.000100 -10.563480 -19.119666 -0.104016 -0.055586 0.005140 -0.592181 0.803869
16.033400 -10.413823 -19.055529 0.000402 -0.057062 0.001987 -0.588035 0.806818
16.066800 -10.264220 -18.989113 0.103981 -0.058447 -0.001193 -0.583853 0.809752
16.100100 -10.115585 -18.920820 0.204969 -0.059730 -0.004377 -0.579659 0.812655
16.133400 -9.967484 -18.850462 0.302576 -0.060916 -0.007569 -0.575441 0.815536
16.166800 -9.819491 -18.777826 0.396005 -0.062006 -0.010774 -0.571187 0.818404
16.200100 -9.672510 -18.703353 0.483676 -0.062991 -0.013968 -0.566920 0.821242
16.233400 -9.526111 -18.626842 0.564919 -0.063875 -0.017158 -0.562629 0.824059
16.266800 -9.379876 -18.548055 0.639054 -0.064658 -0.020346 -0.558301 0.826865
16.300100 -9.234721 -18.467463 0.704831 -0.065336 -0.023511 -0.553962 0.829641
16.333400 -9.090170 -18.384873 0.761757 -0.065910 -0.026657 -0.549598 0.832398
16.366800 -8.945834 -18.300020 0.809342 -0.066383 -0.029789 -0.545198 0.835144
16.400100 -8.802594 -18.213419 0.846780 -0.066748 -0.032883 -0.540787 0.837862
16.433400 -8.660032 -18.124831 0.873818 -0.067010 -0.035945 -0.536352 0.840562
16.466800 -8.517739 -18.033990 0.890194 -0.067167 -0.038979 -0.531881 0.843251
16.500100 -8.376583 -17.941449 0.895630 -0.067220 -0.041962 -0.527400 0.845914
16.533400 -8.236151 -17.846951 0.890131 -0.067170 -0.044900 -0.522896 0.848559
16.566800 -8.096042 -17.750212 0.873694 -0.067017 -0.047796 -0.518356 0.851194
16.600100 -7.957108 -17.651824 0.846596 -0.066761 -0.050630 -0.513808 0.853804
16.633400 -7.818945 -17.551509 0.809100 -0.066405 -0.053405 -0.509238 0.856396
16.666800 -7.681290 -17.448966 0.761463 -0.065944 -0.056126 -0.504634 0.858980
16.700100 -7.544720 -17.344828 0.704484 -0.065388 -0.058772 -0.500022 0.861538
16.733400 -7.408966 -17.238797 0.638662 -0.064735 -0.061349 -0.495391 0.864080
16.766800 -7.273639 -17.130557 0.564482 -0.063983 -0.063858 -0.490726 0.866612
16.800100 -7.139563 -17.020770 0.483199 -0.063139 -0.066283 -0.486056 0.869120
16.833400 -7.006349 -16.909124 0.395491 -0.062202 -0.068629 -0.481367 0.871612
16.866800 -6.873614 -16.795289 0.302031 -0.061171 -0.070893 -0.476646 0.874094
16.900100 -6.742165 -16.679965 0.204399 -0.060053 -0.073063 -0.471923 0.876552
16.933400 -6.611622 -16.562815 0.103390 -0.058850 -0.075144 -0.467182 0.878994
16.966800 -6.481609 -16.443499 -0.000203 -0.057557 -0.077134 -0.462412 0.881427
17.000100 -6.352917 -16.322749 -0.104628 -0.056186 -0.079020 -0.457641 0.883835
17.033400 -6.225177 -16.200206 -0.209053 -0.054737 -0.080808 -0.452855 0.886226
17.066700 -6.098394 -16.075904 -0.312329 -0.053210 -0.082493 -0.448054 0.888601
17.100100 -5.972209 -15.949466 -0.413627 -0.051602 -0.084074 -0.443227 0.890965
17.133400 -5.847390 -15.821665 -0.511236 -0.049929 -0.085543 -0.438402 0.893305
17.166700 -5.723574 -15.692137 -0.604394 -0.048187 -0.086902 -0.433564 0.895627
17.200100 -5.600407 -15.560498 -0.692338 -0.046373 -0.088152 -0.428702 0.897939
17.233400 -5.478638 -15.427557 -0.773579 -0.044502 -0.089283 -0.423844 0.900225
17.266700 -5.357911 -15.292932 -0.847502 -0.042573 -0.090299 -0.418975 0.902493
17.300100 -5.237881 -15.156228 -0.913484 -0.040582 -0.091198 -0.414084 0.904749
17.333400 -5.119280 -15.018278 -0.970407 -0.038543 -0.091975 -0.409198 0.906979
17.366700 -5.001763 -14.878685 -1.017861 -0.036456 -0.092632 -0.404305 0.909191
17.400100 -4.884991 -14.737048 -1.055423 -0.034316 -0.093167 -0.399391 0.911389
17.433400 -4.769677 -14.594225 -1.082457 -0.032140 -0.093578 -0.394485 0.913560
17.466700 -4.655483 -14.449810 -1.098796 -0.029926 -0.093865 -0.389573 0.915711
17.500100 -4.542083 -14.303379 -1.104261 -0.027670 -0.094027 -0.384642 0.917847
17.533400 -4.430106 -14.155791 -1.098760 -0.025391 -0.094064 -0.379720 0.919956
17.566700 -4.319351 -14.006686 -1.082384 -0.023083 -0.093975 -0.374795 0.922044
17.600100 -4.209435 -13.855604 -1.055216 -0.020744 -0.093759 -0.369853 0.924115
17.633400 -4.101030 -13.703461 -1.017716 -0.018393 -0.093419 -0.364922 0.926157
17.666700 -3.993819 -13.549824 -0.970228 -0.016025 -0.092951 -0.359989 0.928176
17.700100 -3.887494 -13.394242 -0.913089 -0.013638 -0.092359 -0.355039 0.930178
17.733400 -3.782702 -13.237668 -0.847264 -0.011250 -0.091642 -0.350104 0.932149
17.766700 -3.679144 -13.079641 -0.773312 -0.008857 -0.090800 -0.345166 0.934097
17.800100 -3.576517 -12.919713 -0.691794 -0.006457 -0.089834 -0.340214 0.936025
17.833400 -3.475443 -12.758859 -0.604087 -0.004067 -0.088749 -0.335277 0.937921
17.866700 -3.375636 -12.596607 -0.510912 -0.001683 -0.087540 -0.330338 0.939793
17.900100 -3.276807 -12.432491 -0.412994 0.000695 -0.086211 -0.325386 0.941643
17.933400 -3.179554 -12.267513 -0.311989 0.003052 -0.084768 -0.320450 0.943460
17.966700 -3.083595 -12.101195 -0.208709 0.005392 -0.083205 -0.315512 0.945251
18.000100 -2.988663 -11.933052 -0.103975 0.007715 -0.081526 -0.310562 0.947019
18.033400 -2.895321 -11.764118 0.000443 0.010004 -0.079741 -0.305628 0.948753
18.066700 -2.803310 -11.593893 0.103719 0.012265 -0.077842 -0.300694 0.950460
18.100100 -2.712361 -11.421894 0.205018 0.014498 -0.075833 -0.295747 0.952141
18.133400 -2.623038 -11.249159 0.302629 0.016688 -0.073723 -0.290816 0.953789
18.166700 -2.534971 -11.075126 0.395781 0.018836 -0.071511 -0.285885 0.955406
18.200100 -2.448103 -10.899429 0.483731 0.020948 -0.069193 -0.280941 0.956998
18.233400 -2.362867 -10.723072 0.564979 0.023006 -0.066784 -0.276013 0.958555
18.266700 -2.279024 -10.545540 0.638908 0.025015 -0.064280 -0.271085 0.960081
18.300100 -2.196312 -10.366332 0.704898 0.026975 -0.061679 -0.266143 0.961580
18.333400 -2.115261 -10.186524 0.761826 0.028872 -0.058999 -0.261216 0.963043
18.366700 -2.035622 -10.005605 0.809284 0.030711 -0.056235 -0.256289 0.964474
18.400100 -1.957164 -9.823051 0.846849 0.032491 -0.053384 -0.251347 0.965877
18.433400 -1.880372 -9.639972 0.873886 0.034200 -0.050466 -0.246420 0.967244
18.466700 -1.805020 -9.455842 0.890228 0.035843 -0.047473 -0.241491 0.968578
18.500100 -1.730887 -9.270128 0.895696 0.037418 -0.044404 -0.236547 0.969883
18.533400 -1.658431 -9.083959 0.890197 0.038916 -0.041281 -0.231616 0.971152
18.566700 -1.587438 -8.896799 0.873824 0.040339 -0.038095 -0.226682 0.972387
18.600100 -1.517702 -8.708108 0.846660 0.041688 -0.034845 -0.221732 0.973593
18.633400 -1.449655 -8.519031 0.809162 0.042953 -0.031554 -0.216794 0.974761
18.666700 -1.383092 -8.329028 0.761677 0.044137 -0.028214 -0.211853 0.975897
18.700100 -1.317825 -8.137544 0.704538 0.045241 -0.024823 -0.206892 0.977002
18.733400 -1.254251 -7.945748 0.638712 0.046256 -0.021404 -0.201944 0.978070
18.766700 -1.192185 -7.753087 0.564761 0.047185 -0.017950 -0.196990 0.979105
18.800100 -1.131449 -7.559001 0.483239 0.048029 -0.014458 -0.192016 0.980109
18.833400 -1.072415 -7.364673 0.395528 0.048780 -0.010952 -0.187051 0.981077
18.866700 -1.014906 -7.169545 0.302352 0.049442 -0.007426 -0.182080 0.982012
18.900100 -0.958763 -6.973047 0.204433 0.050015 -0.003875 -0.177088 0.982916
18.933400 -0.904324 -6.776381 0.103427 0.050494 -0.000325 -0.172104 0.983784
18.966700 -0.851430 -6.578977 0.000150 0.050880 0.003230 -0.167112 0.984619
19.000100 -0.799931 -6.380264 -0.104582 0.051175 0.006795 -0.162097 0.985423
19.033400 -0.750143 -6.181452 -0.208997 0.051376 0.010345 -0.157089 0.986193
19.066700 -0.701917 -5.981968 -0.312268 0.051483 0.013886 -0.152073 0.986930
19.100100 -0.655121 -5.781232 -0.413562 0.051498 0.017423 -0.147031 0.987637
19.133400 -0.610033 -5.580470 -0.511166 0.051419 0.020930 -0.141996 0.988309
19.166700 -0.566520 -5.379103 -0.604322 0.051248 0.024414 -0.136951 0.988950
19.200100 -0.524463 -5.176546 -0.692264 0.050984 0.027878 -0.131880 0.989561
19.233400 -0.484116 -4.974033 -0.773505 0.050630 0.031299 -0.126814 0.990139
19.266700 -0.445362 -4.770981 -0.847429 0.050185 0.034682 -0.121738 0.990686
19.300000 -0.408200 -4.567412 -0.913228 0.049650 0.038021 -0.116650 0.991202
19.333400 -0.372530 -4.362736 -0.970338 0.049024 0.041324 -0.111535 0.991690
19.366700 -0.338569 -4.158200 -1.017795 0.048314 0.044565 -0.106425 0.992146
19.400000 -0.306212 -3.953215 -1.055263 0.047517 0.047750 -0.101303 0.992572
19.433400 -0.275374 -3.747185 -1.082397 0.046633 0.050883 -0.096153 0.992971
19.466700 -0.246285 -3.541437 -1.098750 0.045670 0.053940 -0.091007 0.993339
19.500000 -0.218770 -3.335239 -1.104218 0.044625 0.056931 -0.085850 0.993679
19.533400 -0.192798 -3.128061 -1.098718 0.043497 0.059856 -0.080665 0.993991
19.566700 -0.168527 -2.921165 -1.082346 0.042296 0.062696 -0.075483 0.994275
19.600000 -0.145883 -2.713955 -1.055278 0.041020 0.065457 -0.070290 0.994531
19.633400 -0.124797 -2.505831 -1.017684 0.039667 0.068138 -0.065069 0.994761
19.666700 -0.105405 -2.298061 -0.970200 0.038249 0.070724 -0.059853 0.994964
19.700000 -0.087647 -2.090045 -0.913248 0.036762 0.073219 -0.054625 0.995140
19.733400 -0.071470 -1.881181 -0.847241 0.035207 0.075624 -0.049370 0.995291
19.766700 -0.056980 -1.672741 -0.773295 0.033593 0.077924 -0.044120 0.995416
19.800000 -0.044129 -1.464123 -0.692032 0.031920 0.080124 -0.038860 0.995515
19.833400 -0.032880 -1.254725 -0.604072 0.030186 0.082224 -0.033573 0.995591
19.866700 -0.023306 -1.045821 -0.510899 0.028403 0.084210 -0.028293 0.995641
19.900000 -0.015371 -0.836808 -0.413278 0.026569 0.086088 -0.023003 0.995667
19.933400 -0.009056 -0.627083 -0.311972 0.024683 0.087856 -0.017688 0.995670
19.966700 -0.004409 -0.417920 -0.208690 0.022758 0.089506 -0.012381 0.995649